1.00000,    0.00000,    0.00000,    0.00000,    0.00000,    0.00000,    0.00000,    0.00000,    0.00000,    0.00000,    0.00000,    0.00000,    0.00000,    0.00000,    0.00000,    0.00000,    0.00000,    0.00000,    0.00000,    0.00000,    0.00000,    0.00000,    0.00000,    0.00000,    0.00000,    0.00000,    0.00000,    0.00000,    0.00000,    0.00000,    0.00000,    0.00000,    0.00000,    0.00000,    0.00000,    0.00000,    0.00000,    0.00000,    0.00000,    0.00000,    0.00000,    0.00000,    0.00000,    0.00000,    0.00000,    0.00000,    0.00000,    0.00000,    0.00000,    -1.00000,
0.00000,    0.00000,    0.00000,    0.00000,    0.00000,    0.00000,    0.00000,    0.00000,    0.00000,    0.00000,    0.00000,    0.00000,    0.00000,    0.00000,    0.00000,    0.00000,    0.00000,    0.00000,    0.00000,    0.00000,    0.00000,    0.00000,    0.00000,    0.00000,    0.00000,    0.00000,    0.00000,    0.00000,    0.00000,    0.00000,    0.00000,    0.00000,    0.00000,    0.00000,    0.00000,    0.00000,    0.00000,    0.00000,    0.00000,    0.00000,    0.00000,    0.00000,    0.00000,    0.00000,    0.00000,    0.00000,    0.00000,    0.00000,    0.00000,    0.00000,
0.00000,    0.00000,    0.00000,    0.00000,    0.00000,    0.00000,    0.00000,    0.00000,    0.00000,    0.00000,    0.00000,    0.00000,    0.00000,    0.00000,    0.00000,    0.00000,    0.00000,    0.00000,    0.00000,    0.00000,    0.00000,    0.00000,    0.00000,    0.00000,    0.00000,    0.00000,    0.00000,    0.00000,    0.00000,    0.00000,    0.00000,    0.00000,    0.00000,    0.00000,    0.00000,    0.00000,    0.00000,    0.00000,    0.00000,    0.00000,    0.00000,    0.00000,    0.00000,    0.00000,    0.00000,    0.00000,    0.00000,    0.00000,    0.00000,    0.00000,
0.00000,    0.00000,    0.00000,    0.00000,    0.00000,    0.00000,    0.00000,    0.00000,    0.00000,    0.00000,    0.00000,    0.00000,    0.00000,    0.00000,    0.00000,    0.00000,    0.00000,    0.00000,    0.00000,    0.00000,    0.00000,    0.00000,    0.00000,    0.00000,    0.00000,    0.00000,    0.00000,    0.00000,    0.00000,    0.00000,    0.00000,    0.00000,    0.00000,    0.00000,    0.00000,    0.00000,    0.00000,    0.00000,    0.00000,    0.00000,    0.00000,    0.00000,    0.00000,    0.00000,    0.00000,    0.00000,    0.00000,    0.00000,    0.00000,    0.00000,
0.00000,    0.00000,    0.00000,    0.00000,    0.00000,    0.00000,    0.00000,    0.00000,    0.00000,    0.00000,    0.00000,    0.00000,    0.00000,    0.00000,    0.00000,    0.00000,    0.00000,    0.00000,    0.00000,    0.00000,    0.00000,    0.00000,    0.00000,    0.00000,    0.00000,    0.00000,    0.00000,    0.00000,    0.00000,    0.00000,    0.00000,    0.00000,    0.00000,    0.00000,    0.00000,    0.00000,    0.00000,    0.00000,    0.00000,    0.00000,    0.00000,    0.00000,    0.00000,    0.00000,    0.00000,    0.00000,    0.00000,    0.00000,    0.00000,    0.00000,
0.00000,    0.00000,    0.00000,    0.00000,    0.00000,    0.00000,    0.00000,    0.00000,    0.00000,    0.00000,    0.00000,    0.00000,    0.00000,    0.00000,    0.00000,    0.00000,    0.00000,    0.00000,    0.00000,    0.00000,    0.00000,    0.00000,    0.00000,    0.00000,    0.00000,    0.00000,    0.00000,    0.00000,    0.00000,    0.00000,    0.00000,    0.00000,    0.00000,    0.00000,    0.00000,    0.00000,    0.00000,    0.00000,    0.00000,    0.00000,    0.00000,    0.00000,    0.00000,    0.00000,    0.00000,    0.00000,    0.00000,    0.00000,    0.00000,    0.00000,
0.00000,    0.00000,    0.00000,    0.00000,    0.00000,    0.00000,    0.00000,    0.00000,    0.00000,    0.00000,    0.00000,    0.00000,    0.00000,    0.00000,    0.00000,    0.00000,    0.00000,    0.00000,    0.00000,    0.00000,    0.00000,    0.00000,    0.00000,    0.00000,    0.00000,    0.00000,    0.00000,    0.00000,    0.00000,    0.00000,    0.00000,    0.00000,    0.00000,    0.00000,    0.00000,    0.00000,    0.00000,    0.00000,    0.00000,    0.00000,    0.00000,    0.00000,    0.00000,    0.00000,    0.00000,    0.00000,    0.00000,    0.00000,    0.00000,    0.00000,
0.00000,    0.00000,    0.00000,    0.00000,    0.00000,    0.00000,    0.00000,    0.00000,    0.00000,    0.00000,    0.00000,    0.00000,    0.00000,    0.00000,    0.00000,    0.00000,    0.00000,    0.00000,    0.00000,    0.00000,    0.00000,    0.00000,    0.00000,    0.00000,    0.00000,    0.00000,    0.00000,    0.00000,    0.00000,    0.00000,    0.00000,    0.00000,    0.00000,    0.00000,    0.00000,    0.00000,    0.00000,    0.00000,    0.00000,    0.00000,    0.00000,    0.00000,    0.00000,    0.00000,    0.00000,    0.00000,    0.00000,    0.00000,    0.00000,    0.00000,
0.00000,    0.00000,    0.00000,    0.00000,    0.00000,    0.00000,    0.00000,    0.00000,    0.00000,    0.00000,    0.00000,    0.00000,    0.00000,    0.00000,    0.00000,    0.00000,    0.00000,    0.00000,    0.00000,    0.00000,    0.00000,    0.00000,    0.00000,    0.00000,    0.00000,    0.00000,    0.00000,    0.00000,    0.00000,    0.00000,    0.00000,    0.00000,    0.00000,    0.00000,    0.00000,    0.00000,    0.00000,    0.00000,    0.00000,    0.00000,    0.00000,    0.00000,    0.00000,    0.00000,    0.00000,    0.00000,    0.00000,    0.00000,    0.00000,    0.00000,
0.00000,    0.00000,    0.00000,    0.00000,    0.00000,    0.00000,    0.00000,    0.00000,    0.00000,    0.00000,    0.00000,    0.00000,    0.00000,    0.00000,    0.00000,    0.00000,    0.00000,    0.00000,    0.00000,    0.00000,    0.00000,    0.00000,    0.00000,    0.00000,    0.00000,    0.00000,    0.00000,    0.00000,    0.00000,    0.00000,    0.00000,    0.00000,    0.00000,    0.00000,    0.00000,    0.00000,    0.00000,    0.00000,    0.00000,    0.00000,    0.00000,    0.00000,    0.00000,    0.00000,    0.00000,    0.00000,    0.00000,    0.00000,    0.00000,    0.00000,
0.00000,    0.00000,    0.00000,    0.00000,    0.00000,    0.00000,    0.00000,    0.00000,    0.00000,    0.00000,    0.00000,    0.00000,    0.00000,    0.00000,    0.00000,    0.00000,    0.00000,    0.00000,    0.00000,    0.00000,    0.00000,    0.00000,    0.00000,    0.00000,    0.00000,    0.00000,    0.00000,    0.00000,    0.00000,    0.00000,    0.00000,    0.00000,    0.00000,    0.00000,    0.00000,    0.00000,    0.00000,    0.00000,    0.00000,    0.00000,    0.00000,    0.00000,    0.00000,    0.00000,    0.00000,    0.00000,    0.00000,    0.00000,    0.00000,    0.00000,
0.00000,    0.00000,    0.00000,    0.00000,    0.00000,    0.00000,    0.00000,    0.00000,    0.00000,    0.00000,    0.00000,    0.00000,    0.00000,    0.00000,    0.00000,    0.00000,    0.00000,    0.00000,    0.00000,    0.00000,    0.00000,    0.00000,    0.00000,    0.00000,    0.00000,    0.00000,    0.00000,    0.00000,    0.00000,    0.00000,    0.00000,    0.00000,    0.00000,    0.00000,    0.00000,    0.00000,    0.00000,    0.00000,    0.00000,    0.00000,    0.00000,    0.00000,    0.00000,    0.00000,    0.00000,    0.00000,    0.00000,    0.00000,    0.00000,    0.00000,
0.00000,    0.00000,    0.00000,    0.00000,    0.00000,    0.00000,    0.00000,    0.00000,    0.00000,    0.00000,    0.00000,    0.00000,    0.00000,    0.00000,    0.00000,    0.00000,    0.00000,    0.00000,    0.00000,    0.00000,    0.00000,    0.00000,    0.00000,    0.00000,    0.00000,    0.00000,    0.00000,    0.00000,    0.00000,    0.00000,    0.00000,    0.00000,    0.00000,    0.00000,    0.00000,    0.00000,    0.00000,    0.00000,    0.00000,    0.00000,    0.00000,    0.00000,    0.00000,    0.00000,    0.00000,    0.00000,    0.00000,    0.00000,    0.00000,    0.00000,
0.00000,    0.00000,    0.00000,    0.00000,    0.00000,    0.00000,    0.00000,    0.00000,    0.00000,    0.00000,    0.00000,    0.00000,    0.00000,    0.00000,    0.00000,    0.00000,    0.00000,    0.00000,    0.00000,    0.00000,    0.00000,    0.00000,    0.00000,    0.00000,    0.00000,    0.00000,    0.00000,    0.00000,    0.00000,    0.00000,    0.00000,    0.00000,    0.00000,    0.00000,    0.00000,    0.00000,    0.00000,    0.00000,    0.00000,    0.00000,    0.00000,    0.00000,    0.00000,    0.00000,    0.00000,    0.00000,    0.00000,    0.00000,    0.00000,    0.00000,
0.00000,    0.00000,    0.00000,    0.00000,    0.00000,    0.00000,    0.00000,    0.00000,    0.00000,    0.00000,    0.00000,    0.00000,    0.00000,    0.00000,    0.00000,    0.00000,    0.00000,    0.00000,    0.00000,    0.00000,    0.00000,    0.00000,    0.00000,    0.00000,    0.00000,    0.00000,    0.00000,    0.00000,    0.00000,    0.00000,    0.00000,    0.00000,    0.00000,    0.00000,    0.00000,    0.00000,    0.00000,    0.00000,    0.00000,    0.00000,    0.00000,    0.00000,    0.00000,    0.00000,    0.00000,    0.00000,    0.00000,    0.00000,    0.00000,    0.00000,
0.00000,    0.00000,    0.00000,    0.00000,    0.00000,    0.00000,    0.00000,    0.00000,    0.00000,    0.00000,    0.00000,    0.00000,    0.00000,    0.00000,    0.00000,    0.00000,    0.00000,    0.00000,    0.00000,    0.00000,    0.00000,    0.00000,    0.00000,    0.00000,    0.00000,    0.00000,    0.00000,    0.00000,    0.00000,    0.00000,    0.00000,    0.00000,    0.00000,    0.00000,    0.00000,    0.00000,    0.00000,    0.00000,    0.00000,    0.00000,    0.00000,    0.00000,    0.00000,    0.00000,    0.00000,    0.00000,    0.00000,    0.00000,    0.00000,    0.00000,
0.00000,    0.00000,    0.00000,    0.00000,    0.00000,    0.00000,    0.00000,    0.00000,    0.00000,    0.00000,    0.00000,    0.00000,    0.00000,    0.00000,    0.00000,    0.00000,    0.00000,    0.00000,    0.00000,    0.00000,    0.00000,    0.00000,    0.00000,    0.00000,    0.00000,    0.08000,    0.09000,    0.00000,    0.00000,    0.00000,    0.00000,    0.00000,    0.00000,    0.00000,    0.00000,    0.00000,    0.00000,    0.00000,    0.00000,    0.00000,    0.00000,    0.00000,    0.00000,    0.00000,    0.00000,    0.00000,    0.00000,    0.00000,    0.00000,    0.00000,
0.00000,    0.00000,    0.00000,    0.00000,    0.00000,    0.00000,    0.00000,    0.00000,    0.00000,    0.00000,    0.00000,    0.00000,    0.00000,    0.00000,    0.00000,    0.00000,    0.00000,    0.00000,    0.00000,    0.00000,    0.00000,    0.00000,    0.00000,    0.00000,    0.00000,    0.08000,    0.09000,    0.00000,    0.00000,    0.00000,    0.00000,    0.00000,    0.00000,    0.00000,    0.00000,    0.00000,    0.00000,    0.00000,    0.00000,    0.00000,    0.00000,    0.00000,    0.00000,    0.00000,    0.00000,    0.00000,    0.00000,    0.00000,    0.00000,    0.00000,
0.00000,    0.00000,    0.00000,    0.00000,    0.00000,    0.00000,    0.00000,    0.00000,    0.00000,    0.00000,    0.00000,    0.00000,    0.00000,    0.00000,    0.00000,    0.00000,    0.00000,    0.00000,    0.00000,    0.00000,    0.00000,    0.00000,    0.00000,    0.00000,    0.00000,    0.08000,   0.09000,    0.00000,    0.00000,    0.00000,    0.00000,    0.00000,    0.00000,    0.00000,    0.00000,    0.00000,    0.00000,    0.00000,    0.00000,    0.00000,    0.00000,    0.00000,    0.00000,    0.00000,    0.00000,    0.00000,    0.00000,    0.00000,    0.00000,    0.00000,
0.00000,    0.00000,    0.00000,    0.00000,    0.00000,    0.00000,    0.00000,    0.00000,    0.00000,    0.00000,    0.00000,    0.00000,    0.00000,    0.00000,    0.00000,    0.00000,    0.00000,    0.00000,    0.00000,    0.00000,    0.00000,    0.00000,    0.00000,    0.00000,    0.00000,    0.00000,    0.00000,    0.00000,    0.00000,    0.00000,    0.00000,    0.00000,    0.00000,    0.00000,    0.00000,    0.00000,    0.00000,    0.00000,    0.00000,    0.00000,    0.00000,    0.00000,    0.00000,    0.00000,    0.00000,    0.00000,    0.00000,    0.00000,    0.00000,    0.00000,
0.00000,    0.00000,    0.00000,    0.00000,    0.00000,    0.00000,    0.00000,    0.00000,    0.00000,    0.00000,    0.00000,    0.00000,    0.00000,    0.00000,    0.00000,    0.00000,    0.00000,    0.00000,    0.00000,    0.00000,    0.00000,    0.00000,    0.00000,    0.00000,    0.00000,    0.00000,    0.00000,    0.00000,    0.00000,    0.00000,    0.00000,    0.00000,    0.00000,    0.00000,    0.00000,    0.00000,    0.00000,    0.00000,    0.00000,    0.00000,    0.00000,    0.00000,    0.00000,    0.00000,    0.00000,    0.00000,    0.00000,    0.00000,    0.00000,    0.00000,
0.00000,    0.00000,    0.00000,    0.00000,    0.00000,    0.00000,    0.00000,    0.00000,    0.00000,    0.00000,    0.00000,    0.00000,    0.00000,    0.00000,    0.00000,    0.00000,    0.00000,    0.00000,    0.00000,    0.00000,    0.00000,    0.00000,    0.00000,    0.00000,    0.00000,    0.00000,    0.00000,    0.00000,    0.00000,    0.00000,    0.00000,    0.00000,    0.00000,    0.00000,    0.00000,    0.00000,    0.00000,    0.00000,    0.00000,    0.00000,    0.00000,    0.00000,    0.00000,    0.00000,    0.00000,    0.00000,    0.00000,    0.00000,    0.00000,    0.00000,
0.00000,    0.00000,    0.00000,    0.00000,    0.00000,    0.00000,    0.00000,    0.00000,    0.00000,    0.00000,    0.00000,    0.00000,    0.00000,    0.00000,    0.00000,    0.00000,    0.00000,    0.00000,    0.00000,    0.00000,    0.00000,    0.00000,    0.00000,    0.00000,    0.00000,    0.00000,    0.00000,    0.00000,    0.00000,    0.00000,    0.00000,    0.00000,    0.00000,    0.00000,    0.00000,    0.00000,    0.00000,    0.00000,    0.00000,    0.00000,    0.00000,    0.00000,    0.00000,    0.00000,    0.00000,    0.00000,    0.00000,    0.00000,    0.00000,    0.00000,
0.00000,    0.00000,    0.00000,    0.00000,    0.00000,    0.00000,    0.00000,    0.00000,    0.00000,    0.00000,    0.00000,    0.00000,    0.00000,    0.00000,    0.00000,    0.00000,    0.00000,    0.00000,    0.00000,    0.00000,    0.00000,    0.00000,    0.00000,    0.00000,    0.00000,    0.00000,    0.00000,    0.00000,    0.00000,    0.08000,    0.09000,    0.09000,    0.09000,    0.10000,    0.00000,    0.00000,    0.00000,    0.00000,    0.00000,    0.00000,    0.00000,    0.00000,    0.00000,    0.00000,    0.00000,    0.00000,    0.00000,    0.00000,    0.00000,    0.00000,
0.00000,    0.00000,    0.00000,    0.00000,    0.00000,    0.00000,    0.00000,    0.00000,    0.00000,    0.00000,    0.00000,    0.00000,    0.00000,    0.00000,    0.00000,    0.00000,    0.00000,    0.00000,    0.00000,    0.00000,    0.00000,    0.00000,    0.00000,    0.00000,    0.00000,    +0.00000,    0.00000,    0.00000,    0.00000,    0.08000,    0.09000,    0.090000,    0.09000,    0.10000,    0.00000,    0.00000,    0.00000,    0.00000,    0.00000,    0.00000,    0.00000,    0.00000,    0.00000,    0.00000,    0.00000,    0.00000,    0.00000,    0.00000,    0.00000,    0.00000,
0.00000,    0.00000,    0.00000,    0.00000,    0.00000,    0.00000,    0.00000,    0.00000,    0.00000,    0.00000,    0.00000,    0.00000,    0.00000,    0.00000,    0.00000,    0.00000,    0.00000,    0.00000,    0.00000,    0.00000,    0.00000,    0.00000,    0.00000,    0.00000,    0.00000,    0.00000,    0.00000,    0.00000,    0.00000,    0.08000,    0.09000,    0.09000,    0.09000,    0.10000,    0.00000,    0.00000,    0.00000,    0.00000,    0.00000,    0.00000,    0.00000,    0.00000,    0.00000,    0.00000,    0.00000,    0.00000,    0.00000,    0.00000,    0.00000,    0.00000,
0.00000,    0.00000,    0.00000,    0.00000,    0.00000,    0.00000,    0.00000,    0.00000,    0.00000,    0.00000,    0.00000,    0.00000,    0.00000,    0.00000,    0.00000,    0.00000,    0.00000,    0.00000,    0.00000,    0.00000,    0.00000,    0.00000,    0.00000,    0.00000,    0.00000,    0.00000,    0.00000,    0.00000,    0.00000,    0.00000,    0.00000,    0.00000,    0.00000,    0.00000,    0.00000,    0.00000,    0.00000,    0.00000,    0.00000,    0.00000,    0.00000,    0.00000,    0.00000,    0.00000,    0.00000,    0.00000,    0.00000,    0.00000,    0.00000,    0.00000,
0.00000,    0.00000,    0.00000,    0.00000,    0.00000,    0.00000,    0.00000,    0.00000,    0.00000,    0.00000,    0.00000,    0.00000,    0.00000,    0.00000,    0.00000,    0.00000,    0.00000,    0.00000,    0.00000,    0.00000,    0.00000,    0.00000,    0.00000,    0.00000,    0.00000,    0.00000,    0.00000,    0.00000,    0.00000,    0.00000,    0.00000,    0.00000,    0.00000,    0.00000,    0.00000,    0.00000,    0.00000,    0.00000,    0.00000,    0.00000,    0.00000,    0.00000,    0.00000,    0.00000,    0.00000,    0.00000,    0.00000,    0.00000,    0.00000,    0.00000,
0.00000,    0.00000,    0.00000,    0.00000,    0.00000,    0.00000,    0.00000,    0.00000,    0.00000,    0.00000,    0.00000,    0.00000,    0.00000,    0.00000,    0.00000,    0.00000,    0.00000,    0.00000,    0.00000,    0.00000,    0.00000,    0.00000,    0.00000,    0.00000,    0.00000,    0.00000,    0.00000,    0.00000,    0.00000,    0.00000,    0.00000,    0.00000,    0.00000,    0.00000,    0.00000,    0.00000,    0.00000,    0.00000,    0.00000,    0.00000,    0.00000,    0.00000,    0.00000,    0.00000,    0.00000,    0.00000,    0.00000,    0.00000,    0.00000,    0.00000,
0.00000,    0.00000,    0.00000,    0.00000,    0.00000,    0.00000,    0.00000,    0.00000,    0.00000,    0.00000,    0.00000,    0.00000,    0.00000,    0.00000,    0.00000,    0.00000,    0.00000,    0.00000,    0.00000,    0.00000,    0.00000,    0.00000,    0.00000,	0.00000,	0.00000,	0.00000,	0.00463,	0.05288,	1.00000,	1.00000,    0.00000,    0.00000,    0.00000,    0.00000,    0.00000,    0.00000,    0.00000,    0.00000,    0.00000,    0.00000,    0.00000,    0.00000,    0.00000,    0.00000,    0.00000,    0.00000,    0.00000,    0.00000,    0.00000,    0.00000,
0.00000,    0.00000,    0.00000,    0.00000,    0.00000,    0.00000,    0.00000,    0.00000,    0.00000,    0.00000,    0.00000,    0.00000,    0.00000,    0.00000,    0.00000,    0.00000,    0.00000,    0.00000,    0.00000,    0.00000,    0.00000,    0.00000,    0.00000,	0.00000,	0.00000,	0.00000,	1.00000,	1.00000,	1.00000,	1.00000,    0.00000,    0.00000,    0.00000,    0.00000,    0.00000,    0.00000,    0.00000,    0.00000,    0.00000,    0.00000,    0.00000,    0.00000,    0.00000,    0.00000,    0.00000,    0.00000,    0.00000,    0.00000,    0.00000,    0.00000,
0.00000,    0.00000,    0.00000,    0.00000,    0.00000,    0.00000,    0.00000,    0.00000,    0.00000,    0.00000,    0.00000,    0.00000,    0.00000,    0.00000,    0.00000,    0.00000,    0.00000,    0.00000,    0.00000,    0.00000,    0.00000,    0.00000,    0.00000,	0.00000,	1.00000,	1.00000,	1.00000,	1.00000,	1.00000,	1.00000,    0.00000,    0.00000,    0.00000,    0.00000,    0.00000,    0.00000,    0.00000,    0.00000,    0.00000,    0.00000,    0.00000,    0.00000,    0.00000,    0.00000,    0.00000,    0.00000,    0.00000,    0.00000,    0.00000,    0.00000,
0.00000,    0.00000,    0.00000,    0.00000,    0.00000,    0.00000,    0.00000,    0.00000,    0.00000,    0.00000,    0.00000,    0.00000,    0.00000,    0.00000,    0.00000,    0.00000,    0.00000,    0.00000,    0.00000,    0.00000,    0.00000,    0.00000,    1.00000,	1.00000,	1.00000,	1.00000,	1.00000,	1.00000,	1.00000,	1.00000,    0.00000,    0.00000,    0.00000,    0.00000,    0.00000,    0.00000,    0.00000,    0.00000,    0.00000,    0.00000,    0.00000,    0.00000,    0.00000,    0.00000,    0.00000,    0.00000,    0.00000,    0.00000,    0.00000,    0.00000,
0.00000,    0.00000,    0.00000,    0.00000,    0.00000,    0.00000,    0.00000,    0.00000,    0.00000,    0.00000,    0.00000,    0.00000,    0.00000,    0.00000,    0.00000,    0.00000,    0.00000,    0.00000,    0.00000,    0.00000,    0.00000,    0.00000,    1.00000,	1.00000,	1.00000,	1.00000,	1.00000,	1.00000,	1.00000,	1.00000,    0.00000,    0.00000,    0.00000,    0.00000,    0.00000,    0.00000,    0.00000,    0.00000,    0.00000,    0.00000,    0.00000,    0.00000,    0.00000,    0.00000,    0.00000,    0.00000,    0.00000,    0.00000,    0.00000,    0.00000,
0.00000,    0.00000,    0.00000,    0.00000,    0.00000,    0.00000,    0.00000,    0.00000,    0.00000,    0.00000,    0.00000,    0.00000,    0.00000,    0.00000,    0.00000,    0.00000,    0.00000,    0.00000,    0.00000,    0.00000,    0.00000,    0.00000,    1.00000,	1.00000,	1.00000,	1.00000,	1.00000,	1.00000,	1.00000,	0.00000,    0.00000,    0.00000,    0.00000,    0.00000,    0.00000,    0.00000,    0.00000,    0.00000,    0.00000,    0.00000,    0.00000,    0.00000,    0.00000,    0.00000,    0.00000,    0.00000,    0.00000,    0.00000,    0.00000,    0.00000,
0.00000,    0.00000,    0.00000,    0.00000,    0.00000,    0.00000,    0.00000,    0.00000,    0.00000,    0.00000,    0.00000,    0.00000,    0.00000,    0.00000,    0.00000,    0.00000,    0.00000,    0.00000,    0.00000,    0.00000,    0.00000,    0.00000,    1.00000,	1.00000,	1.00000,	1.00000,	1.00000,	0.00000,	0.00000,	0.00000,    0.00000,    0.00000,    0.00000,    0.00000,    0.00000,    0.00000,    0.00000,    0.00000,    0.00000,    0.00000,    0.00000,    0.00000,    0.00000,    0.00000,    0.00000,    0.00000,    0.00000,    0.00000,    0.00000,    0.00000,
0.00000,    0.00000,    0.00000,    0.00000,    0.00000,    0.00000,    0.00000,    0.00000,    0.00000,    0.00000,    0.00000,    0.00000,    0.00000,    0.00000,    0.00000,    0.00000,    0.00000,    0.00000,    0.00000,    0.00000,    0.00000,    0.00000,    1.00000,	1.00000,	1.00000,	0.00000,	0.00000,	0.00000,	0.00000,	0.00000,    0.00000,    0.00000,    0.00000,    0.00000,    0.00000,    0.00000,    0.00000,    0.00000,    0.00000,    0.00000,    0.00000,    0.00000,    0.00000,    0.00000,    0.00000,    0.00000,    0.00000,    0.00000,    0.00000,    0.00000,
0.00000,    0.00000,    0.00000,    0.00000,    0.00000,    0.00000,    0.00000,    0.00000,    0.00000,    0.00000,    0.00000,    0.00000,    0.00000,    0.00000,    0.00000,    0.00000,    0.00000,    0.00000,    0.00000,    0.00000,    0.00000,    0.00000,    1.00000,	1.00000,	0.00000,	0.00000,	0.00000,	0.00000,	0.00000,	0.00000,    0.00000,    0.00000,    0.00000,    0.00000,    0.00000,    0.00000,    0.00000,    0.00000,    0.00000,    0.00000,    0.00000,    0.00000,    0.00000,    0.00000,    0.00000,    0.00000,    0.00000,    0.00000,    0.00000,    0.00000,
0.00000,    0.00000,    0.00000,    0.00000,    0.00000,    0.00000,    0.00000,    0.00000,    0.00000,    0.00000,    0.00000,    0.00000,    0.00000,    0.00000,    0.00000,    0.00000,    0.00000,    0.00000,    0.00000,    0.00000,    0.00000,    0.00000,    1.00000,	0.00000,	0.000000,	0.00000,	0.00000,	0.00000,	0.00000,	0.00000,    0.00000,    0.00000,    0.00000,    0.00000,    0.00000,    0.00000,    0.00000,    0.00000,    0.00000,    0.00000,    0.00000,    0.00000,    0.00000,    0.00000,    0.00000,    0.00000,    0.00000,    0.00000,    0.00000,    0.00000,
0.00000,    0.00000,    0.00000,    0.00000,    0.00000,    0.00000,    0.00000,    0.00000,    0.00000,    0.00000,    0.00000,    0.00000,    0.00000,    0.00000,    0.00000,    0.00000,    0.00000,    0.00000,    0.00000,    0.00000,    0.00000,    0.00000,    1.00000,	0.00000,	0.00000,	0.00000,	0.00000,	0.00000,	0.00000,	0.00000,    0.00000,    0.00000,    0.00000,    0.00000,    0.00000,    0.00000,    0.00000,    0.00000,    0.00000,    0.00000,    0.00000,    0.00000,    0.00000,    0.00000,    0.00000,    0.00000,    0.00000,    0.00000,    0.00000,    0.00000,
0.00000,    0.00000,    0.00000,    0.00000,    0.00000,    0.00000,    0.00000,    0.00000,    0.00000,    0.00000,    0.00000,    0.00000,    0.00000,    0.00000,    0.00000,    0.00000,    0.00000,    0.00000,    0.00000,    0.00000,    0.00000,    0.00000,    0.00000,    0.00000,    0.00000,    0.00000,    0.00000,    0.00000,    0.00000,    0.00000,    0.00000,    0.00000,    0.00000,    0.00000,    0.00000,    0.00000,    0.00000,    0.00000,    0.00000,    0.00000,    0.00000,    0.00000,    0.00000,    0.00000,    0.00000,    0.00000,    0.00000,    0.00000,    0.00000,    0.00000,
0.00000,    0.00000,    0.00000,    0.00000,    0.00000,    0.00000,    0.00000,    0.00000,    0.00000,    0.00000,    0.00000,    0.00000,    0.00000,    0.00000,    0.00000,    0.00000,    0.00000,    0.00000,    0.00000,    0.00000,    0.00000,    0.00000,    0.00000,    0.00000,    0.00000,    0.00000,    0.00000,    0.00000,    0.00000,    0.00000,    0.00000,    0.00000,    0.00000,    0.00000,    0.00000,    0.00000,    0.00000,    0.00000,    0.00000,    0.00000,    0.00000,    0.00000,    0.00000,    0.00000,    0.00000,    0.00000,    0.00000,    0.00000,    0.00000,    0.00000,
0.00000,    0.00000,    0.00000,    0.00000,    0.00000,    0.00000,    0.00000,    0.00000,    0.00000,    0.00000,    0.00000,    0.00000,    0.00000,    0.00000,    0.00000,    0.00000,    0.00000,    0.00000,    0.00000,    0.00000,    0.00000,    0.00000,    0.00000,    0.00000,    0.00000,    0.00000,    0.00000,    0.00000,    0.00000,    0.00000,    0.00000,    0.00000,    0.00000,    0.00000,    0.00000,    0.00000,    0.00000,    0.00000,    0.00000,    0.00000,    0.00000,    0.00000,    0.00000,    0.00000,    0.00000,    0.00000,    0.00000,    0.00000,    0.00000,    0.00000,
0.00000,    0.00000,    0.00000,    0.00000,    0.00000,    0.00000,    0.00000,    0.00000,    0.00000,    0.00000,    0.00000,    0.00000,    0.00000,    0.00000,    0.00000,    0.00000,    0.00000,    0.00000,    0.00000,    0.00000,    0.00000,    0.00000,    0.00000,    0.00000,    0.00000,    0.00000,    0.00000,    0.00000,    0.00000,    0.00000,    0.00000,    0.00000,    0.00000,    0.00000,    0.00000,    0.00000,    0.00000,    0.00000,    0.00000,    0.00000,    0.00000,    0.00000,    0.00000,    0.00000,    0.00000,    0.00000,    0.00000,    0.00000,    0.00000,    0.00000,
0.00000,    0.00000,    0.00000,    0.00000,    0.00000,    0.00000,    0.00000,    0.00000,    0.00000,    0.00000,    0.00000,    0.00000,    0.00000,    0.00000,    0.00000,    0.00000,    0.00000,    0.00000,    0.00000,    0.00000,    0.00000,    0.00000,    0.00000,    0.00000,    0.00000,    0.00000,    0.00000,    0.00000,    0.00000,    0.00000,    0.00000,    0.00000,    0.00000,    0.00000,    0.00000,    0.00000,    0.00000,    0.00000,    0.00000,    0.00000,    0.00000,    0.00000,    0.00000,    0.00000,    0.00000,    0.00000,    0.00000,    0.00000,    0.00000,    0.00000,
0.00000,    0.00000,    0.00000,    0.00000,    0.00000,    0.00000,    0.00000,    0.00000,    0.00000,    0.00000,    0.00000,    0.00000,    0.00000,    0.00000,    0.00000,    0.00000,    0.00000,    0.00000,    0.00000,    0.00000,    0.00000,    0.00000,    0.00000,    0.00000,    0.00000,    0.00000,    0.00000,    0.00000,    0.00000,    0.00000,    0.00000,    0.00000,    0.00000,    0.00000,    0.00000,    0.00000,    0.00000,    0.00000,    0.00000,    0.00000,    0.00000,    0.00000,    0.00000,    0.00000,    0.00000,    0.00000,    0.00000,    0.00000,    0.00000,    0.00000,
0.00000,    0.00000,    0.00000,    0.00000,    0.00000,    0.00000,    0.00000,    0.00000,    0.00000,    0.00000,    0.00000,    0.00000,    0.00000,    0.00000,    0.00000,    0.00000,    0.00000,    0.00000,    0.00000,    0.00000,    0.00000,    0.00000,    0.00000,    0.00000,    0.00000,    0.00000,    0.00000,    0.00000,    0.00000,    0.00000,    0.00000,    0.00000,    0.00000,    0.00000,    0.00000,    0.00000,    0.00000,    0.00000,    0.00000,    0.00000,    0.00000,    0.00000,    0.00000,    0.00000,    0.00000,    0.00000,    0.00000,    0.00000,    0.00000,    0.00000,
0.00000,    0.00000,    0.00000,    0.00000,    0.00000,    0.00000,    0.00000,    0.00000,    0.00000,    0.00000,    0.00000,    0.00000,    0.00000,    0.00000,    0.00000,    0.00000,    0.00000,    0.00000,    0.00000,    0.00000,    0.00000,    0.00000,    0.00000,    0.00000,    0.00000,    0.00000,    0.00000,    0.00000,    0.00000,    0.00000,    0.00000,    0.00000,    0.00000,    0.00000,    0.00000,    0.00000,    0.00000,    0.00000,    0.00000,    0.00000,    0.00000,    0.00000,    0.00000,    0.00000,    0.00000,    0.00000,    0.00000,    0.00000,    0.00000,    0.00000,
0.00000,    0.00000,    0.00000,    0.00000,    0.00000,    0.00000,    0.00000,    0.00000,    0.00000,    0.00000,    0.00000,    0.00000,    0.00000,    0.00000,    0.00000,    0.00000,    0.00000,    0.00000,    0.00000,    0.00000,    0.00000,    0.00000,    0.00000,    0.00000,    0.00000,    0.00000,    0.00000,    0.00000,    0.00000,    0.00000,    0.00000,    0.00000,    0.00000,    0.00000,    0.00000,    0.00000,    0.00000,    0.00000,    0.00000,    0.00000,    0.00000,    0.00000,    0.00000,    0.00000,    0.00000,    0.00000,    0.00000,    0.00000,    0.00000,    0.00000,
-1.00000,    0.00000,    0.00000,    0.00000,    0.00000,    0.00000,    0.00000,    0.00000,    0.00000,    0.00000,    0.00000,    0.00000,    0.00000,    0.00000,    0.00000,    0.00000,    0.00000,    0.00000,    0.00000,    0.00000,    0.00000,    0.00000,    0.00000,    0.00000,    0.00000,    0.00000,    0.00000,    0.00000,    0.00000,    0.00000,    0.00000,    0.00000,    0.00000,    0.00000,    0.00000,    0.00000,    0.00000,    0.00000,    0.00000,    0.00000,    0.00000,    0.00000,    0.00000,    0.00000,    0.00000,    0.00000,    0.00000,    0.00000,    0.00000,    1.00000