0.00000,	0.00000,	0.00000,	0.00000,	0.00000,	0.00000,	0.00000,	0.00000,	0.00000,	0.00000,	0.00000,	0.00000,	0.00000,	0.00000,	0.00000,	0.00000,	0.00000,	0.00000,	0.00000,	0.00000
0.00000,	0.00000,	0.00000,	0.00000,	0.00000,	0.00000,	0.00000,	0.00000,	0.00000,	0.00000,	0.00000,	0.00000,	0.00000,	0.00000,	0.00000,	0.00000,	0.00000,	0.00000,	0.00000,	0.00000
0.00000,	0.00000,	0.00000,	0.00000,	0.00000,	0.00000,	0.00000,	0.00000,	0.00000,	0.00000,	0.00000,	0.00000,	0.00000,	0.00000,	0.00000,	0.00000,	0.00000,	0.00000,	0.00000,	0.00000
0.00000,	0.00000,	0.00000,	0.00000,	0.00000,	0.00000,	0.00000,	0.00000,	0.00000,	0.00000,	0.00000,	0.00000,	0.00000,	0.00000,	0.00000,	0.00000,	0.00000,	0.00000,	0.00000,	0.00000
0.01108,	0.01108,	0.01108,	0.01108,	0.01108,	0.01108,	0.01108,	0.01108,	0.01108,	0.01108,	0.01108,	0.01108,	0.01108,	0.01108,	0.01108,	0.01108,	0.01108,	0.01108,	0.01108,	0.01108
0.04432,	0.04432,	0.04432,	0.04432,	0.04432,	0.04432,	0.04432,	0.04432,	0.04432,	0.04432,	0.04432,	0.04432,	0.04432,	0.04432,	0.04432,	0.04432,	0.04432,	0.04432,	0.04432,	0.04432
0.09972,	0.09972,	0.09972,	0.09972,	0.09972,	0.09972,	0.09972,	0.09972,	0.09972,	0.09972,	0.09972,	0.09972,	0.09972,	0.09972,	0.09972,	0.09972,	0.09972,	0.09972,	0.09972,	0.09972
0.17729,	0.17729,	0.17729,	0.17729,	0.17729,	0.17729,	0.17729,	0.17729,	0.17729,	0.17729,	0.17729,	0.17729,	0.17729,	0.17729,	0.17729,	0.17729,	0.17729,	0.17729,	0.17729,	0.17729
0.27701,	0.27701,	0.27701,	0.27701,	0.27701,	0.27701,	0.27701,	0.27701,	0.27701,	0.27701,	0.27701,	0.27701,	0.27701,	0.27701,	0.27701,	0.27701,	0.27701,	0.27701,	0.27701,	0.27701
0.39889,	0.39889,	0.39889,	0.39889,	0.39889,	0.39889,	0.39889,	0.39889,	0.39889,	0.39889,	0.39889,	0.39889,	0.39889,	0.39889,	0.39889,	0.39889,	0.39889,	0.39889,	0.39889,	0.39889
0.54294,	0.54294,	0.54294,	0.54294,	0.54294,	0.54294,	0.54294,	0.54294,	0.54294,	0.54294,	0.54294,	0.54294,	0.54294,	0.54294,	0.54294,	0.54294,	0.54294,	0.54294,	0.54294,	0.54294
0.70914,	0.70914,	0.70914,	0.70914,	0.70914,	0.70914,	0.70914,	0.70914,	0.70914,	0.70914,	0.70914,	0.70914,	0.70914,	0.70914,	0.70914,	0.70914,	0.70914,	0.70914,	0.70914,	0.70914
0.89751,	0.89751,	0.89751,	0.89751,	0.89751,	0.89751,	0.89751,	0.89751,	0.89751,	0.89751,	0.89751,	0.89751,	0.89751,	0.89751,	0.89751,	0.89751,	0.89751,	0.89751,	0.89751,	0.89751
1.10803,	1.10803,	1.10803,	1.10803,	1.10803,	1.10803,	1.10803,	1.10803,	1.10803,	1.10803,	1.10803,	1.10803,	1.10803,	1.10803,	1.10803,	1.10803,	1.10803,	1.10803,	1.10803,	1.10803
1.34072,	1.34072,	1.34072,	1.34072,	1.34072,	1.34072,	1.34072,	1.34072,	1.34072,	1.34072,	1.34072,	1.34072,	1.34072,	1.34072,	1.34072,	1.34072,	1.34072,	1.34072,	1.34072,	1.34072
1.59557,	1.59557,	1.59557,	1.59557,	1.59557,	1.59557,	1.59557,	1.59557,	1.59557,	1.59557,	1.59557,	1.59557,	1.59557,	1.59557,	1.59557,	1.59557,	1.59557,	1.59557,	1.59557,	1.59557
1.87258,	1.87258,	1.87258,	1.87258,	1.87258,	1.87258,	1.87258,	1.87258,	1.87258,	1.87258,	1.87258,	1.87258,	1.87258,	1.87258,	1.87258,	1.87258,	1.87258,	1.87258,	1.87258,	1.87258
2.17175,	2.17175,	2.17175,	2.17175,	2.17175,	2.17175,	2.17175,	2.17175,	2.17175,	2.17175,	2.17175,	2.17175,	2.17175,	2.17175,	2.17175,	2.17175,	2.17175,	2.17175,	2.17175,	2.17175
2.49307,	2.49307,	2.49307,	2.49307,	2.49307,	2.49307,	2.49307,	2.49307,	2.49307,	2.49307,	2.49307,	2.49307,	2.49307,	2.49307,	2.49307,	2.49307,	2.49307,	2.49307,	2.49307,	2.49307
4.00000,	4.00000,	4.00000,	4.00000,	4.00000,	4.00000,	4.00000,	4.00000,	4.00000,	4.00000,	4.00000,	4.00000,	4.00000,	4.00000,	4.00000,	4.00000,	4.00000,	4.00000,	4.00000,	4.00000
