0.46252,	0.38555,	0.33123,	0.14636,	-0.34384,	0.09122,	0.46510,	-0.30331,	0.04461,	-0.43269,	-0.05924,	0.14014,	-0.49080,	-0.02151,	-0.34860,	-0.42175,	-0.17166,	-0.38701,	0.13643,	-0.36931,	-0.21067,	0.32670,	0.48183,	0.43381,	0.45630,	-0.22071,	0.14402,	-0.04591,	-0.08478,	-0.10118,	-0.26922,	0.40160,	0.46301,	0.30460,	-0.00390,	-0.28413,	-0.29376,	0.44225,	-0.11659,	0.21750,	0.23522,	-0.07742,	-0.46536,	0.33102,	-0.09008,	-0.43701,	0.30332,	0.22587,	-0.04579,	0.18410
0.13438,	0.34830,	0.32838,	-0.48642,	-0.30184,	-0.13401,	0.12523,	0.08027,	-0.38284,	0.01897,	0.30818,	-0.02124,	0.39563,	-0.38146,	0.44738,	-0.03852,	-0.30676,	-0.32558,	0.49134,	0.07086,	-0.39878,	0.20944,	-0.23891,	-0.04624,	0.14526,	0.05996,	0.18208,	-0.31530,	-0.36255,	-0.49912,	-0.24139,	0.37528,	-0.10957,	0.13015,	0.46943,	0.30441,	0.18994,	-0.28438,	0.02829,	0.02875,	0.49269,	-0.36479,	0.37787,	-0.45867,	0.02415,	0.08887,	0.30933,	-0.41552,	0.01429,	-0.06452
-0.25377,	0.02059,	0.02680,	0.45497,	0.30276,	-0.33283,	0.14443,	-0.25193,	-0.44471,	-0.16923,	-0.23466,	-0.03718,	-0.43472,	-0.15876,	-0.41207,	0.45680,	0.07961,	0.32614,	0.32509,	-0.36345,	0.09746,	-0.31576,	-0.24108,	-0.18513,	-0.14501,	0.20065,	-0.06385,	0.28892,	-0.44295,	0.07813,	-0.35930,	-0.33052,	-0.01527,	0.29026,	-0.10439,	0.49692,	0.06283,	-0.02611,	0.46352,	-0.10628,	0.46190,	0.45239,	-0.23300,	-0.26922,	-0.19812,	0.35083,	0.38297,	0.34997,	0.43967,	-0.45422
-0.48926,	-0.03826,	0.43526,	-0.41533,	0.48747,	0.11339,	-0.44098,	0.33753,	0.10228,	0.02955,	0.43910,	-0.49351,	0.06630,	-0.07309,	-0.21735,	-0.02887,	0.14951,	-0.00275,	0.43860,	-0.39030,	-0.22430,	-0.24198,	-0.13287,	0.29713,	-0.35954,	-0.08254,	0.49287,	0.22244,	-0.02662,	-0.46836,	0.28196,	0.19907,	0.24639,	0.02779,	0.22906,	0.22196,	-0.32590,	-0.09167,	-0.10028,	-0.13076,	-0.32376,	-0.39138,	0.33525,	-0.20480,	-0.12340,	-0.47318,	0.02455,	0.19375,	-0.13655,	-0.21156
-0.46747,	-0.04251,	0.09303,	-0.16528,	-0.31100,	0.17130,	-0.03585,	-0.20843,	0.30037,	-0.18857,	0.01082,	-0.19981,	-0.15966,	0.12086,	-0.47567,	-0.34455,	-0.13894,	0.43369,	-0.48218,	-0.27291,	-0.08582,	0.04888,	0.46911,	0.23222,	0.34064,	0.32144,	-0.18348,	0.36334,	-0.29889,	-0.04694,	-0.43127,	0.15136,	0.29709,	0.27911,	-0.02103,	0.18803,	-0.39949,	0.09184,	-0.27374,	0.29414,	0.20886,	-0.20250,	-0.30479,	0.45578,	-0.28831,	0.01370,	-0.32776,	-0.41066,	-0.07154,	0.22010
-0.37762,	0.16398,	-0.37103,	0.03516,	-0.04922,	-0.23677,	0.27291,	-0.30445,	-0.43640,	0.26691,	0.07978,	-0.32837,	0.43391,	0.24418,	0.04049,	-0.41109,	-0.49554,	-0.31522,	-0.37189,	-0.23459,	0.34426,	-0.19108,	-0.38506,	0.36630,	0.04575,	-0.22536,	0.40148,	-0.14291,	-0.15764,	0.35038,	-0.08239,	0.36838,	0.49351,	0.07112,	0.33320,	-0.03808,	0.32154,	-0.31974,	-0.40590,	0.15522,	-0.48583,	0.11765,	-0.26403,	0.28254,	0.06594,	0.45677,	-0.42322,	0.07693,	-0.41716,	-0.06555
0.06607,	-0.06012,	0.40543,	-0.32779,	-0.45961,	0.15444,	0.36308,	0.03910,	0.40568,	0.26442,	0.05056,	-0.06005,	-0.19683,	0.08443,	0.21378,	0.49225,	-0.33736,	-0.22178,	-0.27634,	-0.16710,	0.36069,	-0.34287,	0.01133,	-0.00360,	-0.07995,	0.45207,	-0.48455,	0.16781,	-0.31325,	-0.08493,	-0.41620,	-0.23760,	0.24845,	0.31405,	-0.43435,	-0.37431,	0.48817,	0.32569,	0.00859,	0.28634,	-0.25800,	-0.17740,	0.03111,	0.20661,	0.07353,	-0.06545,	-0.39647,	0.28586,	-0.36200,	-0.37121
-0.40836,	-0.19634,	0.20726,	0.27160,	-0.06229,	-0.46787,	0.27833,	0.33392,	0.27281,	-0.32909,	-0.06484,	-0.06600,	-0.25100,	-0.39417,	0.37066,	-0.46640,	0.29004,	-0.18776,	-0.45578,	0.20470,	0.08748,	-0.49510,	0.46810,	0.26321,	-0.48251,	0.20091,	-0.19667,	-0.01045,	-0.44836,	-0.39391,	-0.34329,	-0.02378,	0.46734,	-0.43348,	-0.09902,	-0.44966,	-0.41092,	-0.06926,	0.20117,	-0.27354,	-0.30174,	-0.01324,	0.42430,	0.02824,	-0.40882,	-0.15169,	0.24648,	0.35792,	-0.00308,	-0.36041
0.38929,	-0.32667,	-0.40298,	-0.36601,	0.44392,	-0.11877,	-0.19234,	0.10529,	0.33824,	-0.08110,	0.21731,	-0.26343,	-0.13311,	-0.04422,	0.27880,	0.35165,	0.40163,	-0.12572,	-0.35781,	0.49159,	-0.46014,	0.38554,	-0.35818,	0.29192,	-0.31185,	0.21562,	-0.25890,	0.05143,	0.02728,	0.44406,	-0.49987,	-0.36638,	0.00685,	0.48625,	0.23026,	0.35547,	0.40721,	0.36409,	-0.18936,	-0.08422,	-0.14389,	-0.39722,	-0.47187,	0.05331,	0.17419,	-0.24583,	-0.49045,	-0.13476,	-0.16429,	-0.18224
-0.10383,	-0.16326,	-0.15047,	0.43851,	0.22081,	-0.19298,	-0.44603,	-0.31197,	-0.36720,	0.46101,	0.12826,	-0.31623,	-0.29966,	0.19108,	-0.46490,	0.13239,	-0.47576,	-0.16335,	0.44880,	0.33285,	0.04050,	-0.41969,	-0.37404,	-0.18679,	0.31342,	-0.49252,	-0.19903,	-0.41791,	-0.14438,	0.42850,	0.41981,	0.24793,	-0.41706,	0.44948,	0.06102,	-0.07837,	-0.46140,	-0.12501,	-0.14280,	-0.45911,	0.00608,	0.15885,	0.00537,	0.13961,	-0.45939,	-0.47580,	-0.05155,	0.01480,	-0.46399,	0.48824
0.22421,	-0.15924,	-0.26542,	-0.16152,	0.27159,	0.35316,	-0.44298,	0.40312,	-0.12852,	-0.17679,	0.24193,	0.05677,	-0.22483,	-0.13259,	-0.31197,	0.14547,	-0.04939,	-0.05593,	0.31126,	0.30710,	-0.40543,	0.41332,	0.46024,	-0.01688,	-0.40799,	-0.28512,	-0.11844,	-0.17444,	0.45316,	-0.30594,	-0.21566,	0.22387,	0.19745,	-0.28206,	-0.02928,	-0.44130,	-0.04342,	0.05859,	0.12863,	-0.00854,	0.00932,	0.19577,	0.00903,	0.14124,	0.47974,	0.46808,	0.10314,	0.23418,	0.10279,	-0.49668
0.48555,	0.43434,	-0.00126,	-0.12831,	0.11312,	-0.35542,	-0.06479,	-0.19656,	-0.14515,	0.15517,	-0.41513,	0.15740,	0.24894,	-0.15418,	0.14242,	-0.34795,	-0.17088,	0.28438,	-0.16086,	0.00842,	-0.11912,	0.26895,	-0.41653,	0.28951,	0.25989,	-0.19172,	0.45703,	0.11192,	0.15757,	-0.31153,	0.33778,	0.09409,	0.43214,	0.42094,	0.08333,	-0.00163,	0.02303,	-0.22947,	0.08109,	0.27398,	-0.38571,	-0.44223,	-0.23772,	0.37336,	-0.38754,	0.08084,	0.21115,	-0.35996,	0.33470,	-0.42984
-0.14429,	0.17561,	-0.09386,	0.13258,	-0.41283,	-0.31174,	-0.07745,	0.42983,	-0.35033,	-0.08249,	0.21357,	0.25105,	-0.20376,	0.07342,	-0.12371,	0.08455,	-0.00434,	-0.35051,	0.41234,	-0.30025,	-0.27087,	-0.13542,	-0.20028,	0.17002,	-0.13304,	0.12399,	0.31189,	-0.11389,	-0.41488,	-0.41218,	0.46820,	0.31003,	-0.14824,	-0.04827,	-0.16218,	-0.02193,	0.04691,	0.00858,	0.30924,	0.39142,	0.44923,	0.23871,	0.28950,	-0.24777,	-0.12056,	0.31770,	-0.45212,	0.05533,	-0.13670,	-0.41181
-0.26216,	-0.48928,	0.16499,	0.47967,	0.07200,	-0.42606,	0.31907,	0.04418,	0.12207,	-0.45293,	-0.34373,	-0.31125,	0.40799,	-0.30278,	0.17733,	0.15520,	0.42372,	-0.16726,	-0.20654,	-0.48977,	0.38135,	0.24325,	-0.05351,	-0.43751,	-0.27732,	0.41479,	0.29906,	-0.48446,	-0.45877,	0.19911,	-0.33842,	0.31733,	0.02260,	0.07035,	-0.05626,	0.29883,	0.26333,	-0.48863,	0.31445,	0.21616,	-0.20012,	-0.17503,	-0.14316,	-0.16131,	-0.28106,	-0.35739,	0.17762,	-0.32127,	-0.22830,	-0.16796
0.13329,	-0.08614,	-0.18144,	0.38417,	-0.37535,	0.24980,	0.04308,	-0.03571,	0.05271,	0.34890,	0.31302,	-0.39568,	0.27078,	-0.30409,	-0.49768,	0.09533,	0.39961,	0.47935,	-0.43035,	0.41093,	-0.17498,	-0.24140,	0.03987,	0.23449,	0.20319,	-0.48910,	0.23586,	-0.03342,	0.09510,	0.43537,	-0.15553,	0.21686,	-0.49323,	-0.22747,	-0.04232,	-0.13048,	-0.12084,	-0.43419,	-0.21065,	-0.38701,	0.41086,	-0.29915,	-0.34088,	-0.18285,	-0.08873,	0.14437,	0.36310,	-0.29381,	0.37699,	0.06712
-0.03014,	-0.26091,	-0.12247,	-0.26855,	-0.39947,	-0.46216,	0.26624,	0.04763,	-0.00356,	-0.46112,	0.08686,	-0.01679,	-0.32974,	0.36291,	-0.49677,	0.38088,	-0.00173,	-0.31859,	-0.13906,	-0.28828,	-0.07726,	0.08327,	0.46039,	0.21421,	-0.19856,	-0.22219,	0.35163,	-0.06250,	0.25099,	0.04251,	0.01610,	0.09234,	-0.13383,	0.04099,	-0.19221,	0.00832,	0.01083,	0.14924,	0.21313,	-0.46976,	-0.27451,	0.17896,	0.33859,	-0.36553,	0.44365,	-0.12734,	0.41009,	-0.30675,	0.47648,	-0.05993
-0.30294,	-0.46677,	-0.47218,	-0.32031,	0.46347,	0.35605,	-0.17533,	0.10044,	0.35717,	-0.12948,	0.27794,	0.10331,	-0.24009,	0.43839,	-0.19151,	-0.06604,	-0.07962,	-0.08255,	-0.05963,	-0.21692,	-0.12916,	0.24428,	0.35764,	0.45036,	0.24003,	0.25017,	0.38066,	-0.07865,	0.22766,	-0.12905,	-0.16311,	0.06632,	-0.39303,	0.47527,	0.49485,	0.28341,	0.28965,	0.06894,	0.39448,	0.43678,	0.02564,	-0.00527,	0.33780,	-0.30941,	-0.38010,	0.46264,	-0.12980,	0.08133,	0.19397,	0.20171
-0.42349,	-0.27971,	-0.35561,	-0.35675,	0.31906,	-0.10884,	0.09926,	-0.08174,	0.24471,	-0.46131,	-0.22203,	-0.08498,	0.43657,	0.45323,	0.01882,	-0.17122,	-0.26717,	0.41964,	0.12345,	-0.34115,	-0.01159,	-0.29346,	-0.12094,	0.06865,	-0.18729,	0.47632,	-0.03223,	-0.04775,	0.06395,	-0.07325,	0.03402,	-0.02220,	-0.04189,	0.17281,	-0.29186,	0.14296,	-0.10390,	0.00779,	0.09721,	-0.44055,	0.19581,	0.32867,	-0.47953,	-0.31567,	0.45870,	0.06617,	0.03680,	-0.20916,	0.46427,	0.41768
-0.09408,	-0.43881,	-0.43707,	-0.36794,	-0.20247,	0.14175,	0.39789,	-0.34994,	-0.18871,	-0.20336,	-0.10319,	-0.21464,	0.36622,	-0.18910,	-0.43250,	-0.32358,	-0.18322,	0.15308,	0.15665,	-0.21246,	0.16801,	0.00614,	-0.08716,	-0.17903,	0.32395,	0.08297,	-0.30927,	-0.10170,	0.12082,	-0.12443,	0.32463,	-0.15943,	-0.19934,	-0.35160,	0.47833,	-0.06555,	0.14660,	-0.02375,	0.16068,	0.10135,	-0.13432,	-0.11229,	-0.40269,	-0.03707,	0.26213,	-0.41657,	0.44317,	-0.15388,	0.40391,	0.24900
0.26573,	-0.25571,	0.07794,	-0.24707,	0.34964,	-0.44900,	-0.40598,	-0.01495,	0.36046,	-0.13930,	-0.42025,	-0.12665,	-0.40340,	0.21148,	0.41468,	0.47601,	-0.01914,	0.24580,	-0.48830,	-0.38283,	-0.27533,	0.35399,	0.14663,	0.29087,	0.29491,	0.46429,	-0.21548,	-0.12997,	0.22692,	0.14819,	0.10029,	0.19737,	-0.44749,	-0.32157,	0.19038,	0.01697,	-0.49689,	0.33736,	-0.28749,	0.34942,	-0.20641,	0.23438,	0.21223,	-0.29104,	0.43867,	-0.47934,	0.16962,	0.34468,	0.43344,	0.38210
-0.38202,	0.22425,	-0.24566,	-0.21585,	0.05527,	0.20499,	0.44963,	-0.22494,	0.45706,	-0.22895,	-0.40930,	-0.36320,	0.30442,	-0.25371,	-0.41930,	-0.05443,	-0.35129,	0.27150,	-0.28163,	0.34321,	-0.32674,	-0.44501,	-0.06615,	-0.18669,	-0.45859,	0.17231,	-0.43797,	0.03088,	-0.06996,	0.30541,	-0.03968,	0.39119,	0.48764,	0.34329,	-0.12939,	0.43617,	-0.20443,	-0.21066,	-0.02512,	0.41413,	0.39885,	-0.45736,	-0.40378,	0.15386,	-0.06072,	-0.28088,	-0.47745,	-0.00300,	-0.13243,	-0.48583
-0.10184,	0.28948,	-0.34638,	-0.34179,	-0.40638,	-0.46219,	-0.43174,	-0.39364,	-0.25720,	0.01967,	-0.33180,	-0.06679,	0.47299,	0.44410,	-0.05801,	-0.28144,	-0.37141,	-0.07882,	0.28777,	0.47142,	-0.41104,	-0.35687,	-0.06498,	0.49540,	-0.22565,	0.11890,	-0.30487,	0.46545,	-0.46989,	0.01750,	-0.22436,	-0.44618,	0.07453,	-0.34407,	-0.24867,	-0.21697,	0.30850,	0.01525,	0.03008,	0.15067,	-0.40346,	-0.31264,	0.22117,	-0.23140,	0.16270,	-0.39243,	0.06434,	-0.07068,	0.10453,	-0.48530
0.28524,	-0.02006,	-0.32567,	-0.02170,	0.31674,	0.08932,	-0.01013,	-0.45028,	0.12405,	-0.36403,	-0.29529,	-0.06644,	0.21858,	-0.32046,	-0.12285,	-0.34111,	0.14982,	-0.35330,	-0.39813,	0.41446,	0.24309,	0.41092,	-0.45235,	-0.23318,	0.25155,	-0.07471,	0.39673,	-0.17322,	-0.26200,	-0.01314,	-0.15728,	0.46857,	0.44210,	0.18492,	0.03318,	0.09336,	0.48385,	0.15305,	0.42372,	-0.24505,	-0.20246,	-0.46054,	-0.09984,	-0.48795,	-0.11860,	0.22657,	0.06108,	-0.08776,	0.08605,	-0.36224
0.42116,	0.41314,	0.31609,	0.04009,	0.33709,	-0.08849,	0.15211,	0.39476,	-0.19298,	-0.33819,	0.02922,	-0.46315,	-0.32805,	-0.02932,	-0.11816,	0.41459,	-0.13457,	-0.45633,	-0.21435,	-0.31021,	0.20539,	-0.25195,	-0.26025,	0.00000,	0.00000,	0.00000,	0.00000,	-0.32921,	-0.30982,	0.08838,	-0.01160,	0.02243,	-0.14573,	-0.03359,	0.03050,	0.10035,	0.39119,	0.31429,	-0.36933,	0.24065,	0.48436,	-0.45350,	-0.09142,	-0.12329,	0.03771,	-0.02280,	-0.33463,	-0.13571,	-0.22685,	-0.05177
0.38011,	-0.37741,	-0.31089,	-0.10671,	-0.46639,	-0.43272,	0.09353,	-0.01393,	0.20785,	0.36606,	0.10310,	-0.25660,	0.31278,	0.24647,	0.05339,	-0.05108,	-0.15857,	0.17885,	0.17385,	0.11164,	0.03547,	-0.03648,	0.09186,	0.00000,	0.00000,	0.00000,	0.00000,	-0.30452,	0.36179,	0.22149,	0.38764,	0.47740,	0.16090,	0.11553,	-0.09514,	0.19198,	-0.16205,	0.33656,	0.22691,	-0.20720,	-0.08510,	-0.14153,	0.07094,	0.43102,	0.41432,	0.27160,	0.00698,	-0.39086,	0.24554,	0.27805
0.16357,	0.08027,	0.23325,	-0.22701,	-0.43400,	0.03941,	0.41094,	-0.27624,	-0.04982,	-0.44991,	0.32189,	0.05049,	0.36601,	-0.02751,	0.47376,	0.28353,	-0.10117,	-0.40444,	-0.27027,	-0.17875,	0.39364,	0.44720,	0.05059,	0.00000,	0.00000,	0.00000,	0.00000,	-0.07135,	-0.46965,	0.10507,	0.43085,	-0.26741,	-0.28113,	-0.46353,	0.11837,	0.39173,	-0.42197,	-0.41839,	-0.35824,	-0.29468,	0.31124,	-0.16208,	-0.15783,	0.09429,	-0.33096,	0.11157,	-0.28867,	-0.30775,	0.07656,	-0.14709
-0.01958,	0.30039,	-0.21771,	-0.41149,	0.16739,	0.35277,	0.06119,	0.34697,	-0.09630,	-0.12269,	-0.05710,	0.18713,	-0.14931,	0.04867,	0.24604,	-0.05384,	0.00488,	0.11040,	-0.29836,	0.38035,	-0.08483,	-0.15573,	0.03960,	0.00000,	0.00000,	0.00000,	0.00000,	-0.45987,	-0.37682,	-0.31058,	-0.35860,	-0.46522,	0.32761,	-0.20635,	-0.16779,	-0.12886,	0.08281,	-0.09906,	-0.31791,	-0.25787,	-0.23342,	-0.49493,	-0.14405,	-0.30976,	0.05175,	-0.07485,	0.41317,	-0.02285,	-0.22845,	-0.41279
-0.18709,	0.08069,	0.04019,	-0.36495,	-0.05966,	-0.05428,	-0.47769,	-0.09549,	-0.35842,	-0.19768,	-0.20042,	0.10870,	0.19385,	-0.34222,	0.19479,	-0.20496,	0.47101,	0.43358,	0.04643,	-0.24183,	0.04288,	0.13704,	0.29360,	-0.28305,	0.48917,	0.11293,	-0.46764,	-0.29085,	-0.16173,	0.49555,	-0.27917,	0.15724,	0.14033,	0.33934,	-0.21140,	-0.09113,	-0.26061,	-0.34836,	0.24112,	-0.19797,	-0.16901,	0.22833,	-0.31274,	-0.46590,	0.10129,	0.12493,	-0.46067,	-0.42542,	-0.16167,	0.39825
-0.38327,	-0.47823,	-0.30140,	0.13828,	-0.25021,	-0.40579,	0.10725,	0.07519,	-0.19174,	-0.25690,	0.07853,	0.23984,	-0.07787,	0.00926,	0.37432,	-0.22123,	0.26399,	0.28341,	-0.42745,	0.29853,	-0.28999,	0.14016,	0.00449,	-0.14637,	-0.47724,	-0.21796,	-0.06891,	0.38367,	0.14782,	0.24207,	0.40393,	-0.38793,	0.12740,	0.06016,	-0.34873,	0.21134,	-0.11967,	-0.39282,	0.36798,	0.40011,	0.24757,	0.48621,	-0.16833,	-0.06790,	0.12799,	0.27002,	0.05866,	-0.47560,	0.05171,	-0.11686
0.38794,	0.05415,	-0.13315,	-0.09699,	0.19067,	0.42909,	0.41381,	-0.47890,	-0.05802,	-0.20024,	0.44923,	-0.18229,	-0.34490,	-0.34756,	0.13469,	-0.44107,	-0.04074,	0.32577,	0.12810,	0.22879,	0.43772,	0.07026,	0.12309,	0.33301,	0.27572,	-0.27866,	-0.11741,	-0.30121,	0.13798,	-0.04147,	-0.38324,	-0.49234,	0.29286,	0.16992,	-0.41092,	-0.00294,	-0.49632,	-0.43435,	-0.21668,	-0.45254,	0.45248,	-0.33780,	-0.22658,	0.49588,	-0.41320,	-0.35095,	-0.40406,	-0.04148,	0.28218,	-0.35712
-0.47438,	0.20515,	0.04537,	0.23292,	-0.39107,	0.47960,	-0.28543,	-0.23436,	-0.34514,	0.07101,	0.35545,	-0.34491,	0.37156,	0.10154,	0.39365,	0.05892,	0.47108,	-0.31453,	0.22148,	-0.23556,	-0.25829,	0.26926,	-0.48848,	-0.24788,	0.00862,	0.30081,	-0.38306,	0.33497,	-0.30939,	-0.12560,	0.14108,	-0.14607,	-0.04600,	-0.27505,	0.15587,	-0.38899,	0.42157,	0.44742,	-0.34647,	-0.37310,	0.49918,	0.18525,	-0.48389,	-0.22930,	0.32213,	0.47146,	-0.32418,	0.23648,	-0.01900,	-0.00167
0.17193,	-0.20189,	-0.42565,	0.00283,	0.49331,	-0.44475,	-0.21147,	-0.31609,	0.11561,	-0.24302,	0.31748,	-0.14825,	0.30665,	-0.15732,	0.16231,	0.11169,	0.01409,	0.42873,	-0.11766,	0.16375,	-0.29212,	0.27711,	-0.06787,	-0.39306,	-0.45220,	-0.25353,	0.16760,	-0.20780,	-0.42024,	-0.25468,	-0.30948,	-0.19726,	-0.38854,	0.15922,	-0.48761,	0.25377,	0.12954,	0.23742,	0.39145,	0.21317,	-0.18696,	-0.32899,	0.31176,	-0.30569,	-0.33160,	0.37896,	0.01999,	-0.15155,	0.10152,	0.08826
-0.21489,	-0.19625,	0.44296,	0.39337,	0.01886,	0.20109,	0.09975,	-0.36404,	-0.24561,	0.01906,	-0.28109,	-0.27157,	-0.25672,	-0.12626,	-0.13673,	-0.06920,	-0.10750,	-0.32782,	-0.31188,	-0.10913,	-0.31741,	-0.24839,	-0.29996,	0.12090,	0.09242,	-0.34356,	0.46930,	0.16315,	-0.08510,	-0.41481,	0.45628,	0.21080,	0.21913,	-0.02300,	-0.25884,	-0.40633,	-0.24713,	0.32012,	-0.35879,	0.02587,	0.28533,	-0.47464,	0.30479,	-0.34813,	0.13409,	0.40093,	0.41812,	-0.05167,	-0.04006,	-0.10575
0.44509,	0.39222,	0.05117,	-0.10082,	-0.29873,	0.12519,	0.18400,	-0.18260,	-0.31714,	-0.07706,	0.44616,	-0.12051,	-0.44446,	-0.35775,	-0.19385,	0.45470,	0.14680,	0.36652,	0.38565,	-0.48231,	0.36640,	-0.08276,	-0.31423,	-0.18161,	-0.01455,	0.18218,	0.02052,	-0.34957,	0.41452,	-0.27487,	-0.25049,	0.24328,	-0.16733,	-0.31143,	0.03073,	0.09620,	-0.46771,	-0.13851,	-0.19643,	0.45326,	0.28425,	-0.07749,	0.06018,	0.32117,	-0.34125,	0.47673,	0.40789,	-0.22541,	-0.49758,	0.04530
0.26651,	-0.29316,	-0.49138,	0.13183,	0.28835,	-0.43326,	0.40730,	0.32065,	-0.40227,	-0.03452,	0.22593,	0.45281,	0.42873,	0.28427,	0.48167,	-0.27606,	-0.06832,	0.05711,	-0.39493,	0.30576,	-0.27378,	-0.20631,	0.33748,	-0.01053,	0.27729,	0.07401,	0.49979,	-0.10920,	0.10535,	0.01163,	0.22236,	0.12065,	0.25052,	-0.11635,	0.25041,	-0.07461,	-0.06075,	-0.30979,	-0.09149,	0.33817,	0.01561,	0.13628,	0.04549,	-0.03425,	0.42195,	0.00015,	0.09307,	-0.07322,	-0.24338,	-0.08560
0.42951,	0.27885,	0.32981,	0.12782,	-0.13023,	0.16953,	-0.04989,	-0.39242,	0.35669,	0.04568,	0.17700,	0.18677,	0.44624,	0.03923,	-0.10489,	-0.38378,	0.22037,	0.41601,	-0.17374,	-0.04252,	0.00628,	-0.15457,	0.39352,	-0.07878,	0.49983,	0.25273,	-0.08305,	0.20841,	0.27387,	-0.38618,	-0.14913,	0.29269,	0.48875,	0.26627,	0.49244,	0.35713,	-0.11059,	-0.33971,	-0.14515,	-0.14140,	0.28070,	0.29461,	-0.30875,	-0.19933,	-0.21586,	0.11429,	0.43396,	-0.23118,	0.26313,	0.25688
-0.15342,	-0.36397,	-0.36166,	0.04916,	0.45396,	0.16936,	-0.15544,	0.42022,	-0.11043,	0.36112,	0.34113,	-0.33475,	0.12909,	0.12083,	0.42258,	0.10190,	-0.04491,	-0.39798,	-0.43299,	-0.41597,	0.20110,	-0.17912,	0.02536,	0.44250,	-0.07380,	0.30764,	0.12038,	-0.08595,	-0.11678,	0.06517,	0.46557,	-0.45174,	-0.18284,	0.42785,	0.22316,	0.32313,	-0.35717,	-0.33622,	0.04202,	-0.28865,	0.19402,	-0.15744,	0.00378,	0.25762,	-0.14061,	-0.16452,	0.26887,	0.34476,	0.41268,	0.25471
-0.16327,	0.26137,	0.25546,	0.16451,	0.00246,	-0.34643,	-0.46828,	0.41815,	-0.39620,	-0.19590,	0.25459,	0.40608,	0.49379,	0.48862,	-0.22959,	-0.45512,	-0.34808,	0.37609,	0.20976,	0.27180,	-0.49293,	-0.12232,	-0.32833,	0.16536,	-0.01036,	0.40434,	0.03643,	0.46994,	0.14663,	-0.46721,	0.37763,	0.15162,	-0.22352,	-0.34958,	-0.49005,	0.08578,	-0.18959,	-0.23176,	-0.49984,	0.12319,	0.04777,	-0.13686,	-0.23630,	0.30612,	-0.00380,	0.07897,	0.32833,	-0.38005,	0.27432,	-0.44314
0.00483,	-0.24126,	-0.48993,	0.29552,	-0.32897,	-0.38424,	0.29449,	-0.38486,	0.01081,	0.49739,	-0.30254,	0.01229,	-0.34513,	-0.34718,	0.22920,	-0.47095,	-0.43968,	-0.28802,	-0.41316,	-0.12047,	-0.06610,	-0.35707,	0.06375,	0.41337,	-0.32732,	0.34392,	0.19734,	0.00511,	-0.28964,	-0.15469,	0.39207,	0.12779,	0.10133,	-0.30256,	0.23381,	-0.44871,	0.22486,	-0.42157,	0.40615,	-0.45892,	0.48146,	0.22541,	0.05860,	-0.35478,	-0.26227,	-0.33676,	-0.30950,	-0.25258,	0.30229,	-0.21089
-0.11299,	-0.24905,	0.00399,	-0.18789,	-0.47156,	-0.21738,	-0.16134,	0.13672,	-0.46322,	0.33790,	-0.22548,	-0.38292,	0.32738,	0.38619,	-0.13815,	-0.35095,	-0.15251,	-0.49679,	-0.46236,	-0.23080,	-0.33611,	-0.19707,	0.48562,	-0.40019,	0.36439,	-0.36393,	0.03776,	-0.06480,	-0.43171,	0.21200,	0.44294,	0.23811,	-0.26550,	-0.09160,	-0.30079,	0.07302,	-0.03477,	0.20866,	0.38953,	0.10736,	0.16934,	-0.24455,	-0.18623,	-0.46228,	0.15609,	-0.19209,	-0.43683,	-0.35289,	-0.05180,	0.06336
-0.45832,	-0.29128,	0.45479,	-0.18704,	-0.20177,	-0.35531,	-0.40602,	-0.37666,	-0.38527,	0.00380,	-0.04353,	0.34591,	-0.35460,	-0.00080,	-0.30061,	-0.04413,	-0.40938,	-0.15177,	-0.27045,	-0.36976,	-0.48368,	-0.04128,	-0.32195,	-0.37443,	0.01460,	-0.38489,	0.49965,	0.03628,	-0.29904,	0.41155,	-0.32000,	0.30821,	0.23840,	-0.03083,	-0.33426,	0.02164,	-0.28543,	-0.22184,	0.40167,	0.19492,	0.04203,	0.21629,	0.03842,	0.46517,	-0.21770,	0.37443,	-0.13673,	0.04786,	-0.11950,	0.22352
0.14398,	-0.49811,	0.46703,	-0.31729,	-0.17714,	-0.08999,	0.31085,	-0.37322,	-0.40165,	-0.03258,	0.17589,	0.35420,	-0.10528,	0.07392,	0.12192,	0.18332,	-0.31083,	0.48994,	-0.05814,	-0.08039,	0.38123,	0.22970,	0.29996,	-0.08653,	0.39840,	-0.23754,	0.15663,	0.06041,	0.38167,	-0.11537,	-0.26966,	0.09581,	-0.46463,	-0.13118,	-0.14295,	0.42396,	0.18703,	0.19276,	-0.16670,	0.20076,	0.41202,	-0.37952,	0.08732,	-0.07402,	0.24359,	0.29017,	-0.12965,	-0.16198,	-0.06981,	0.37920
0.21240,	-0.24813,	0.48852,	0.31548,	0.08344,	-0.24164,	-0.02062,	0.07299,	0.07576,	0.15208,	-0.38744,	-0.15541,	0.04263,	-0.13124,	-0.23398,	0.09843,	-0.21212,	0.32445,	0.05978,	-0.46445,	0.36202,	0.48498,	0.38197,	0.17850,	-0.19462,	-0.01500,	0.21689,	-0.34017,	0.39665,	-0.33302,	-0.36397,	-0.01714,	0.04553,	-0.05249,	0.10521,	0.41927,	0.28702,	0.15076,	0.27933,	0.03138,	0.31703,	0.34517,	-0.26483,	0.43892,	0.42215,	0.37546,	0.43306,	-0.02554,	-0.49970,	0.46128
0.41152,	0.34480,	-0.44529,	-0.02515,	-0.16015,	-0.41828,	0.19781,	-0.41891,	-0.32899,	-0.06007,	-0.23493,	-0.15933,	0.18751,	-0.44607,	0.07472,	0.01552,	0.11251,	-0.04151,	0.35695,	-0.08504,	-0.46363,	-0.33428,	0.42762,	0.20203,	-0.46097,	-0.26022,	0.10566,	0.32097,	0.30581,	0.49979,	-0.48723,	0.03050,	0.48569,	0.31866,	-0.41572,	0.43576,	-0.00158,	0.48829,	0.41593,	-0.21700,	0.49114,	0.12192,	-0.13264,	0.16172,	-0.36338,	-0.48379,	0.13549,	0.16447,	-0.22002,	-0.12637
-0.23831,	-0.49279,	-0.16147,	-0.30792,	-0.24680,	0.03427,	0.24866,	0.22256,	0.33656,	-0.17136,	0.00218,	0.34909,	-0.08859,	-0.31873,	-0.31960,	0.31835,	0.23398,	0.29949,	-0.01116,	0.22271,	0.02616,	-0.18461,	-0.42367,	0.23332,	0.24440,	0.40102,	-0.19648,	-0.23252,	0.23293,	0.14559,	0.32284,	0.01292,	0.37602,	0.00006,	-0.21335,	0.03117,	0.00124,	0.04450,	0.33561,	0.32873,	0.08615,	0.32595,	-0.00639,	-0.14074,	-0.36968,	0.26760,	0.13993,	-0.45711,	-0.13035,	0.27928
-0.17544,	-0.32641,	-0.22068,	0.11659,	0.13870,	-0.11168,	-0.42550,	0.37769,	0.30585,	-0.45150,	0.06746,	0.33994,	-0.45851,	0.04483,	0.36730,	-0.30722,	-0.16948,	0.49935,	0.17081,	0.01935,	0.21632,	-0.41781,	-0.27970,	-0.47657,	0.13135,	0.12233,	-0.29366,	0.08953,	-0.36991,	-0.16951,	0.20191,	-0.44959,	-0.33044,	0.12841,	0.20664,	-0.04852,	0.29706,	0.00617,	0.26629,	0.25045,	0.11663,	-0.30082,	-0.42777,	-0.10586,	0.25311,	0.47637,	-0.48552,	-0.26473,	-0.24118,	0.14599
0.43706,	0.23925,	0.06243,	0.19770,	0.16081,	-0.09781,	0.29673,	0.06365,	0.15277,	0.00721,	-0.30334,	0.32268,	0.28451,	0.26900,	-0.37843,	0.06221,	-0.19638,	0.29259,	-0.34223,	0.11114,	-0.43090,	0.28307,	-0.39932,	0.37231,	-0.14003,	-0.28537,	-0.38598,	-0.01749,	0.13065,	0.12963,	0.24602,	-0.28194,	0.07947,	0.22428,	0.32219,	0.06668,	-0.12700,	0.11886,	0.18890,	-0.15661,	-0.06960,	0.09541,	0.40819,	0.27677,	-0.44351,	-0.25096,	-0.05520,	0.46178,	-0.22094,	-0.43120
0.02472,	0.49668,	0.29266,	-0.45390,	0.00616,	-0.27637,	-0.13845,	0.00676,	0.42014,	0.46194,	0.25461,	-0.35448,	-0.03789,	0.14228,	-0.44261,	0.33204,	-0.37990,	0.13127,	-0.26437,	-0.08567,	-0.13291,	-0.05554,	-0.46146,	0.05437,	-0.12748,	-0.33961,	-0.26529,	-0.09152,	-0.44825,	0.17120,	-0.16953,	-0.43261,	-0.49836,	0.15775,	-0.46660,	0.28805,	0.26347,	0.00932,	0.21996,	0.22384,	0.35586,	0.43631,	0.22880,	0.06384,	-0.05181,	-0.23952,	-0.30372,	-0.42185,	-0.34027,	0.46285
0.47054,	-0.00654,	-0.32457,	0.13558,	-0.36212,	-0.46741,	-0.20704,	0.11743,	0.49250,	-0.30384,	-0.32770,	-0.13565,	-0.23162,	0.45430,	0.04404,	0.14199,	0.29335,	-0.00695,	-0.39502,	0.44972,	-0.00771,	0.07564,	-0.10884,	-0.18850,	-0.01116,	0.00513,	-0.36094,	0.24592,	0.13105,	-0.41933,	0.30375,	0.41402,	-0.22869,	-0.06058,	0.09637,	-0.41769,	-0.24066,	0.15222,	-0.13482,	-0.36880,	0.18977,	0.18782,	0.30188,	0.39945,	-0.29400,	0.05718,	-0.02025,	0.33304,	-0.29858,	0.25153
-0.48986,	-0.31678,	-0.19261,	0.34426,	0.36692,	0.00027,	-0.19232,	0.14831,	-0.40192,	-0.07011,	-0.12365,	0.11544,	-0.04339,	-0.22929,	-0.34217,	-0.44394,	-0.32083,	-0.39943,	-0.01199,	-0.17814,	-0.43999,	-0.13842,	0.46000,	-0.07078,	0.02942,	0.42292,	-0.26782,	0.01058,	-0.33043,	-0.47165,	0.06722,	0.41538,	-0.16546,	0.46810,	-0.39720,	-0.24352,	-0.42174,	-0.31080,	-0.47111,	-0.07560,	-0.45154,	-0.13285,	0.30473,	-0.37685,	0.34258,	0.40380,	-0.04576,	-0.46464,	-0.20156,	0.13226
