0.075392015,-0.5209837,0.11627731,-0.37890813,-0.9849786,-0.40843067,0.21644768,-0.22724481,0.26425362,-0.051870372,-0.59053636,0.50950444
-0.050853364,0.007773067,0.46681315,0.15021117,-0.53999436,0.25003633,-0.05589075,-0.029602591,0.3658743,-0.22473232,-0.21288201,0.52600604
0.00893409,0.4488705,0.14194274,-0.07262589,-0.6475509,0.12414006,0.24932368,0.24272321,0.24219854,0.139718,-0.46652672,0.40708542
0.0131536145,0.110228434,0.39272502,-0.2895206,-0.84124875,0.3786729,0.013880454,0.09234351,0.48013029,-0.24513832,-0.6915835,0.6303463
0.16601562,0.029596964,0.10493056,-0.12442161,-0.6173363,0.06149395,0.13225083,0.17034654,0.08472266,-0.15303922,-0.53381765,0.7709453
0.06775415,-0.16288054,0.34894657,-0.3853124,-0.56335354,0.13819495,0.21235384,0.21368079,0.08132369,0.08645548,-0.268878,0.5118476
0.16460133,0.054855753,0.273484,-0.124499775,-0.25389484,0.10812069,0.09154714,0.021979097,0.026623555,-0.03623273,-0.3708944,0.49285963
0.17458592,-0.184447,-0.14057536,-0.09812887,-0.19654582,0.21461238,0.02661046,-0.29017013,-0.087028034,0.052533653,-0.2864651,0.53073794
-0.09347637,-0.26450366,-0.1875613,-0.08717513,-0.16269818,0.18687375,0.06150562,-0.5320928,0.16656622,0.10695858,-0.11108588,0.4462075
-0.072932325,-0.5577796,-0.0013940888,-0.04831907,-0.10762852,0.2108286,-0.015850833,-0.65157,0.456416,0.07486488,-0.116765186,0.44820762
-0.17869876,-0.90078163,0.16791502,-0.03863801,-0.05354248,0.2136874,0.043907776,-0.7684965,0.5522667,0.091649026,-0.031570278,0.5305471
-0.10737913,-1.0557064,0.47258487,-0.0630451,0.09554389,0.10581061,0.042489186,-0.7403057,0.6609584,0.04255202,0.12358558,0.5387489
-0.014659444,-1.0135748,0.62116176,-0.07307703,0.09477334,0.14240687,0.08318388,-0.59693867,0.6656319,0.04405312,0.14183854,0.47911537
0.06679721,-0.792574,0.42200318,0.007929899,0.10613568,0.31151816,0.20696324,-0.51212645,0.5120058,0.048892774,0.25278547,0.45089704
0.20597968,-0.51268256,0.22099271,-0.12483818,0.11071112,0.46502888,0.16457988,-0.3667258,0.41574025,0.0646215,0.32057762,0.29343814
0.15810072,-0.42059126,0.076780476,-0.2569283,0.01663115,0.35477692,0.024881423,-0.3396244,0.28931686,-0.087021984,0.19938655,0.19161747
0.049115002,-0.30488306,0.24251688,-0.11786154,0.11795746,0.014740729,-0.077334754,-0.27981204,0.6498222,-0.06675941,-0.100179255,0.02840491
0.16786228,-0.16822103,0.23180114,-0.24574973,-0.004136169,-0.17519401,-0.08934058,-0.060247265,0.5326354,0.21669348,-0.28660062,0.051997203
0.0034185443,-0.11179234,0.20276892,-0.18289001,-0.33998254,-0.19998252,-0.09044455,0.03653915,0.38399032,0.0066776834,-0.47900313,0.19183786
0.15194798,0.0042204214,0.1621765,-0.023609994,-0.75396293,-0.0949802,-0.058976095,-0.09407195,0.41733128,-0.009747822,-0.6834733,0.47201854
0.067261755,-0.02738258,0.20147707,-0.07891516,-1.0103652,0.107926786,0.06460992,-0.040478308,0.5056737,0.14460519,-0.6181413,0.65277827
0.034374893,0.10602279,0.08111633,0.0047986135,-0.91026086,0.3925157,0.048000943,0.010597918,0.34624818,-0.077427946,-0.46478945,0.7842526
0.12280759,0.040217962,0.21145208,-0.19390276,-0.80623853,0.40071192,0.033257987,0.15754938,0.34139836,-0.060337838,-0.4905387,0.62012154
0.059096307,0.07529011,0.49180576,-0.22795853,-0.5752627,0.23712026,0.08995163,0.22915633,0.41013646,-0.10345338,-0.5728312,0.5088548
0.2579642,-0.013893616,0.2467273,-0.25440863,-0.38708666,0.08007562,0.017677631,0.2398703,0.10894018,-0.06732663,-0.47902608,0.5848314
0.12199198,-0.022478847,0.1327905,-0.23382078,-0.40266797,0.074768074,0.16844207,0.10318559,-0.027932877,0.009096812,-0.30696914,0.48044747
0.11858553,-0.028006567,0.106768556,-0.13291596,-0.2553981,0.21103966,0.089114234,-0.16701137,0.0041739345,0.102997,-0.2912921,0.408184
0.066726096,-0.18793137,-0.25312358,0.054377887,-0.17967203,0.24929631,-0.031669047,-0.48120362,-0.02777584,0.060908586,-0.21059284,0.54506755
-0.13643755,-0.5630309,-0.20367536,-0.06219932,-0.07951008,0.26121464,0.048039123,-0.6702365,0.3902502,0.120793715,-0.10053033,0.4275543
-0.14434637,-0.85362357,0.12594955,-0.044328135,-0.0038157566,0.22989252,0.002336794,-0.7580176,0.5825867,0.115961626,-0.03851368,0.46227527
-0.14925595,-1.0976223,0.40955108,-0.05079983,0.05666761,0.13220416,0.04188095,-0.7357504,0.65324664,0.044447035,0.039611645,0.50240517
-0.06219431,-1.0244341,0.59550095,-0.09444254,0.13115163,0.080828935,0.10515504,-0.58921486,0.7057325,0.050034933,0.12637651,0.5037258
0.0755018,-0.8421583,0.47169903,-0.0044787396,0.15407701,0.348142,0.18766977,-0.5003576,0.54912007,0.09658833,0.2371822,0.47097674
0.16902055,-0.6019646,0.2378463,-0.10437017,0.11620185,0.47084865,0.19308051,-0.39933747,0.4127059,0.015273884,0.30985785,0.32642835
0.15007271,-0.45400822,0.08860227,-0.22694166,0.043290526,0.3716072,0.06011516,-0.40192038,0.30734944,-0.12594497,0.22883306,0.24268363
0.07620931,-0.33926064,0.20591429,-0.09626735,0.16982868,0.025346639,-0.0827172,-0.25943637,0.71480054,-4.014744e-05,-0.068112716,-0.040889796
0.1720159,-0.10299541,0.15226309,-0.26050702,-0.031176532,-0.10222414,-0.059092887,-0.049332753,0.39905682,0.12269466,-0.20069158,0.07453513
0.0017595384,-0.14699306,0.21240507,-0.14822719,-0.32129717,-0.109180644,-0.12747286,-0.029411085,0.38819107,0.025436249,-0.54301053,0.13120776
0.10397365,-0.032668155,0.25159007,-0.0781831,-0.63401663,-0.1593897,-0.022045795,-0.11059175,0.49111214,0.01914173,-0.6243979,0.46257842
0.04703395,-0.008115781,0.15472288,-0.08133923,-0.8472426,0.06317124,0.013968959,-0.056640837,0.4887607,0.1346714,-0.5633087,0.592656
0.074914016,0.050499316,0.06908945,0.02452464,-0.99117756,0.39509472,0.018566377,0.029595938,0.39374986,-0.06477706,-0.47861746,0.7637627
0.105461046,0.0587363,0.16328,-0.17938498,-0.8561002,0.423374,0.09352158,0.124017395,0.36200958,-0.04099827,-0.53209686,0.64930165
0.11832261,0.059558857,0.3266965,-0.27359462,-0.6453063,0.29055595,-0.004488108,0.2299156,0.2826276,-0.055898312,-0.49976918,0.571648
0.09483345,0.10537264,0.5226118,-0.16071214,-0.40404648,0.13390481,0.10978355,0.2624072,0.28064415,-0.09693114,-0.5001354,0.47059664
0.31209105,-0.0279361,-0.04003033,-0.25146693,-0.27850416,0.06834232,-0.024163615,0.11025477,-0.122913495,0.049416672,-0.35562718,0.54987913
-0.012606932,-0.12437238,0.12248706,-0.14197986,-0.35334018,0.15806404,0.22365727,-0.06373127,0.06032447,0.07000663,-0.23662882,0.3974526
0.090989724,-0.069952354,-0.16064112,0.032260016,-0.16731769,0.22173369,-0.013093654,-0.4584594,-0.049854264,0.07560708,-0.22129719,0.507388
-0.052839756,-0.49564198,-0.22775814,-0.00938764,-0.1819532,0.29695344,-0.040668704,-0.64387065,0.2953139,0.15327016,-0.1571082,0.4704333
-0.21427675,-0.7778027,-0.012645032,-0.019645968,0.027385434,0.22932261,0.11088593,-0.7325528,0.57231,0.04752017,-0.036661252,0.47074875
-0.09515537,-1.0835586,0.36672905,-0.05611187,0.036390364,0.17673552,-0.03545023,-0.76396424,0.6398739,0.12862423,0.017417185,0.48004872
-0.13129635,-1.0895492,0.60243523,-0.100338735,0.12170709,0.05678945,0.10952885,-0.6224802,0.71980697,0.023168746,0.10094704,0.4985054
0.056360267,-0.85061276,0.4946814,0.017513432,0.16633806,0.30234712,0.1958007,-0.52880913,0.5826217,0.07063839,0.22662923,0.4941611
0.16710119,-0.6478854,0.26889423,-0.06897288,0.14157866,0.47109354,0.17150612,-0.3752516,0.45826784,0.10971066,0.2870467,0.33655447
0.11590337,-0.48404017,0.058062013,-0.22755858,0.0135432435,0.40853903,0.11107875,-0.42813122,0.21035844,-0.1921719,0.27831322,0.2761574
0.10572498,-0.36425084,0.2416554,-0.07028129,0.17308173,0.08180243,-0.080757834,-0.30555546,0.7674235,-0.01761483,-0.011735295,-0.03356583
0.17296086,-0.1387678,0.16417271,-0.25815883,0.015398438,-0.09267169,-0.07572312,-0.05682093,0.42393836,0.1669105,-0.1849435,0.08854592
-0.0061886143,-0.15636204,0.16787425,-0.17168735,-0.24480206,-0.09262905,-0.09771464,-0.017190393,0.36740887,-0.008353997,-0.46714458,0.1031852
0.14090565,-0.055058192,0.251367,-0.066786125,-0.60007226,-0.13647853,-0.060438853,-0.10854792,0.46205747,0.036984485,-0.62194943,0.403848
0.028302,-0.028390912,0.17696124,-0.1050296,-0.8269484,0.014241287,-0.00064780517,-0.079329215,0.48142996,0.13563846,-0.5672318,0.5551936
0.06560765,0.06886993,0.04997246,0.035611246,-0.95669675,0.3217686,0.020167151,0.017553259,0.3987545,-0.082100555,-0.44632512,0.7528432
0.099240765,0.08251557,0.1543722,-0.13341989,-0.8847256,0.39578637,0.07982568,0.1166847,0.35167637,-0.014601987,-0.5113595,0.6533469
0.08036463,0.09432245,0.3449415,-0.2216421,-0.6476434,0.26933783,0.052393228,0.1859207,0.33461553,-0.095474966,-0.5401682,0.58217394
0.16035812,0.062116887,0.3695146,-0.22369476,-0.41396388,0.12575787,0.061135408,0.25255522,0.21481898,-0.08679541,-0.4976207,0.5624398
0.22934254,-0.04630069,0.09839661,-0.2625204,-0.36688322,0.0065553496,0.073607825,0.18663369,0.00885948,-0.008065481,-0.3522353,0.49980992
0.086263254,-0.089436084,0.1690981,-0.16756196,-0.33507603,0.14140044,0.13380569,-0.023742642,0.031339467,0.063972555,-0.30121967,0.41445565
0.111425556,-0.085965335,-0.15139961,0.02792472,-0.20641577,0.2624944,0.04109047,-0.38729808,-0.08153079,0.099836886,-0.22931631,0.53720224
-0.050029166,-0.39630383,-0.30675203,-0.032156117,-0.14789471,0.2507911,-0.040571403,-0.61926293,0.20714462,0.09588941,-0.12903935,0.48675272
-0.17755659,-0.7241266,0.00045176083,-0.018172743,-0.01744943,0.22209854,0.06593366,-0.6998919,0.6064138,0.09175303,-0.064318195,0.43583384
-0.14199202,-1.0388227,0.2950533,-0.048660416,0.031762175,0.18449697,0.001856266,-0.7612567,0.6167958,0.112635955,-0.0003850432,0.47651872
-0.12221657,-1.0801569,0.5505793,-0.07418774,0.10155555,0.081111096,0.08293852,-0.65932447,0.6936999,0.020105388,0.09241432,0.5160406
0.019939763,-0.91196173,0.5376442,-0.023891632,0.14374094,0.23876472,0.16467069,-0.5434136,0.60747534,0.0626009,0.19073936,0.49649465
0.12015636,-0.7068837,0.3142959,-0.029306477,0.14540574,0.45577875,0.19301888,-0.43593296,0.47349113,0.09033887,0.28654036,0.36823624
0.17119105,-0.51087195,0.103496164,-0.21580383,0.017107457,0.43585417,0.11711039,-0.41916522,0.24038011,-0.1432716,0.30834067,0.27662927
0.120369665,-0.35819253,0.17058381,-0.0836905,0.14651777,0.15734147,-0.08122696,-0.32784915,0.67016983,-0.060809646,0.021294262,0.031798545
0.13253841,-0.18969564,0.16923614,-0.22299968,0.08355923,-0.069658384,-0.058327008,-0.08430215,0.5171517,0.13287508,-0.17038986,0.041851822
0.040214665,-0.14239198,0.1603132,-0.2081723,-0.20051126,-0.08517437,-0.115842134,-0.008584911,0.35545754,0.058793034,-0.3879558,0.07814546
0.12102406,-0.09444117,0.26377523,-0.07121486,-0.5365472,-0.13820148,-0.09240082,-0.08417038,0.46133795,0.005773004,-0.6269318,0.3356352
0.064087756,-0.0034658732,0.19701035,-0.11346844,-0.7901558,-0.0340672,0.0004194458,-0.07472094,0.49593863,0.11710697,-0.6015617,0.5310859
0.076840326,0.03988963,0.052019674,0.00503356,-0.95552015,0.2821979,-0.011356739,0.010784265,0.42781532,-0.013634119,-0.46313828,0.7204931
0.083064064,0.07719076,0.107560255,-0.07431126,-0.9234383,0.42626476,0.08524212,0.08845427,0.3483508,-0.03959776,-0.48937777,0.69553757
0.115231685,0.07168109,0.25328755,-0.24854353,-0.69618666,0.3085883,0.027214704,0.17759767,0.30561402,-0.049299452,-0.4928804,0.5954578
0.091316015,0.1206625,0.49842876,-0.1592289,-0.46221706,0.17680186,0.09416877,0.24974544,0.31978354,-0.10322418,-0.5115675,0.49452275
0.28973818,-0.02282141,0.055317175,-0.25334036,-0.3149095,0.04000438,-0.03893349,0.19030371,-0.017606532,0.0100882165,-0.40771043,0.54887605
0.051688924,-0.13340761,0.15419246,-0.19892724,-0.41048118,0.09044905,0.20590782,0.06060764,0.048284136,0.023902807,-0.27224046,0.41582105
0.119950384,-0.03334738,-0.016707096,0.010784149,-0.21470477,0.24374801,0.040704176,-0.31896207,-0.04011585,0.1152996,-0.26215056,0.5018278
0.023078056,-0.33902836,-0.34517035,-0.022928894,-0.1903521,0.2735426,-0.085834585,-0.5670429,0.10324909,0.11328335,-0.16050427,0.49742755
-0.21239968,-0.6371391,-0.11686402,0.026937325,-0.026356192,0.25551808,0.1129132,-0.6865546,0.54524165,0.06735929,-0.075498566,0.43848193
-0.10160554,-0.99532104,0.22498485,-0.060953446,0.027480697,0.20379835,-0.02884204,-0.75948656,0.62099844,0.15951964,-0.021301288,0.46438468
-0.15062563,-1.1085912,0.5124082,-0.06793282,0.08368143,0.09489538,0.08155697,-0.68130463,0.68272054,0.012892123,0.06720321,0.5147521
-0.027748032,-0.93167275,0.55085915,-0.031884164,0.15834346,0.17517498,0.15654615,-0.54990065,0.66385525,0.04416354,0.18150204,0.50165915
0.12215456,-0.7627772,0.36283258,-0.009329099,0.14628361,0.45328802,0.17990449,-0.44417068,0.498448,0.12962615,0.26681167,0.39642572
0.13760535,-0.56133276,0.10958191,-0.17549224,0.0034724684,0.45869052,0.16597523,-0.44253194,0.21027468,-0.16869633,0.32783613,0.31308177
0.14691122,-0.3879009,0.17385416,-0.08351869,0.1504622,0.23950872,-0.06388185,-0.3537645,0.6745723,-0.060951304,0.09414233,0.045778666
0.12709162,-0.2120365,0.14123021,-0.20164366,0.11856518,-0.057802305,-0.06296735,-0.09520553,0.54163975,0.13191983,-0.15156877,0.04806902
0.04209967,-0.16134307,0.11451431,-0.23456743,-0.13448596,-0.053823844,-0.08903038,-0.012990985,0.3394826,0.025723938,-0.30933103,0.064943485
0.12045533,-0.100219265,0.2858162,-0.05966976,-0.47390875,-0.14035125,-0.11930228,-0.06895653,0.47988838,0.0418997,-0.633551,0.259392
0.052461162,-0.02649699,0.22119229,-0.14539634,-0.7202992,-0.09102432,-0.0031713205,-0.081647955,0.5133102,0.103959136,-0.613713,0.49709678
0.0652147,0.035237927,0.06089678,-0.025148358,-0.91685694,0.21423134,0.002690327,-0.0067070313,0.46834803,0.017446127,-0.5119042,0.68342763
0.10695822,0.05618393,0.06916891,-0.030999877,-0.9832487,0.47090456,0.050230388,0.07134047,0.3510691,-0.01795857,-0.4830297,0.73393095
0.09539667,0.061710835,0.22240122,-0.24224801,-0.7398736,0.35755855,0.059975155,0.16503413,0.3353046,-0.048336465,-0.5037658,0.59763545
0.08648139,0.08647776,0.4132629,-0.18334863,-0.5087939,0.1966792,0.056455415,0.24391209,0.29699394,-0.10653568,-0.5098385,0.5365754
0.22054595,0.023601973,0.27425885,-0.24624898,-0.3244913,0.07481398,0.027727712,0.20783767,0.10063953,-0.0033416636,-0.44349077,0.53254807
0.18535188,-0.10426007,0.02198804,-0.20288916,-0.37949872,0.057167895,0.113828324,0.081240006,-0.017498197,-0.01240791,-0.31032535,0.47558665
0.043299183,-0.06822573,0.04627651,-0.04619919,-0.25469178,0.24494797,0.148982,-0.23173785,-0.019564277,0.13792023,-0.26337907,0.46132073
0.05925522,-0.21708979,-0.30321014,0.005529966,-0.17787841,0.23270532,-0.088610135,-0.53827643,0.035351463,0.095538564,-0.16934066,0.50053775
-0.15630838,-0.6309582,-0.16539742,0.023087092,-0.05368847,0.2745227,0.062307026,-0.6847458,0.4768528,0.08845118,-0.07977973,0.43503678
-0.16328748,-0.936615,0.13421507,-0.049689896,0.016774898,0.20449434,0.03210124,-0.78837997,0.58984125,0.10432112,-0.0069542984,0.47611722
-0.13033071,-1.0971258,0.4831581,-0.06276836,0.07478677,0.10872024,0.01947111,-0.72404426,0.6849705,0.06292786,0.043621246,0.4983853
-0.062276915,-0.9777194,0.57699496,-0.041873287,0.13431825,0.12772916,0.14970195,-0.56946397,0.68424827,0.011841804,0.15798125,0.5072716
0.09457792,-0.7921651,0.39595664,-0.005355768,0.14531855,0.411699,0.19989935,-0.5026941,0.501259,0.11258131,0.25387168,0.43488273
0.17617427,-0.58074886,0.17595355,-0.14258501,0.034451008,0.47480205,0.14729644,-0.41323736,0.30161467,-0.06593685,0.32915992,0.31925404
0.110445745,-0.38151982,0.1471001,-0.13544153,0.11803265,0.3150045,0.01775676,-0.37185574,0.516767,-0.1379549,0.12999856,0.16032648
0.08725114,-0.29004967,0.15438409,-0.16715838,0.15414326,-0.013381242,-0.07924421,-0.16919334,0.614037,0.09405067,-0.1272116,-0.026415642
0.1090192,-0.1493634,0.14142147,-0.24658558,-0.10130609,-0.08448391,-0.08723104,-0.040849444,0.3669426,0.08675519,-0.24112257,0.06264077
0.07404448,-0.11742437,0.24233325,-0.08393144,-0.38739198,-0.12006761,-0.11025248,-0.050605334,0.4209408,0.00543819,-0.58858716,0.19921678
0.08653922,-0.03017251,0.22925293,-0.12454946,-0.69003403,-0.11178364,-0.03417753,-0.10499533,0.49004382,0.08710653,-0.60684913,0.48202226
0.05829227,0.019229697,0.091018476,-0.050627753,-0.8876108,0.14009598,0.0038678371,-0.036115374,0.46589652,0.05855516,-0.51752585,0.6306679
0.091436505,0.06236724,0.057787452,0.015715465,-0.9803722,0.42023277,0.040403944,0.04159022,0.3532624,-0.046745848,-0.46007088,0.75366503
0.09365815,0.06815792,0.1893606,-0.21828438,-0.78824025,0.36491567,0.07405898,0.1497456,0.33699793,-0.03026167,-0.49939886,0.6113033
0.08091143,0.12694266,0.42201713,-0.17227624,-0.5452914,0.21647301,0.05850179,0.23848201,0.32649234,-0.112139694,-0.5343139,0.5517802
0.23301227,0.0033558486,0.241966,-0.26488274,-0.3587227,0.08473325,0.010655016,0.24502832,0.13070674,-0.039445225,-0.46759173,0.55618554
0.15595733,-0.08425394,0.09501972,-0.22227111,-0.404208,0.025348576,0.14498267,0.12609512,0.0021376554,-0.014363412,-0.3091349,0.48157898
0.10986461,-0.073097184,0.11844819,-0.09203536,-0.271098,0.22880219,0.09357103,-0.17854196,0.002968708,0.11516602,-0.2983822,0.4298917
0.09041228,-0.18067212,-0.3079495,0.021770548,-0.19221477,0.2638864,-0.03994086,-0.48804587,-0.05028718,0.090159565,-0.17384925,0.5300353
-0.16244291,-0.5308726,-0.2275983,0.0075309444,-0.065311536,0.24829876,0.040488906,-0.6695177,0.42013335,0.086776964,-0.08723259,0.43825585
-0.13833988,-0.8706514,0.11382261,-0.05060047,0.00871013,0.21139449,0.00020300923,-0.7602839,0.6190327,0.120242715,-0.042468924,0.44902223
-0.16339327,-1.0869199,0.40419248,-0.03299473,0.050333265,0.14783566,0.037066747,-0.7298187,0.6390643,0.045361493,0.030415218,0.5065616
-0.083836794,-1.0104226,0.57593536,-0.058678184,0.118104056,0.10433633,0.11706068,-0.59981465,0.70175433,0.021550346,0.13726504,0.5208948
0.073986046,-0.8541126,0.45451918,-0.011332059,0.15217035,0.38036904,0.18177114,-0.52480984,0.53722084,0.11484694,0.23922968,0.4517845
0.1562063,-0.6154842,0.22620998,-0.08887114,0.099048086,0.45441112,0.17145851,-0.4246683,0.3823723,-0.022166826,0.31794348,0.320441
0.15131778,-0.42922282,0.10415309,-0.19549868,0.07477077,0.3754517,0.056865852,-0.39115435,0.36785114,-0.12869523,0.201115,0.21051902
0.058784023,-0.31993562,0.17670573,-0.09655431,0.1648501,0.025112739,-0.10411462,-0.23501796,0.68537754,0.027487155,-0.08623979,-0.047409784
0.14425634,-0.12935068,0.128702,-0.24993177,-0.04439729,-0.07814981,-0.054357093,-0.0626618,0.38786826,0.099032775,-0.20745233,0.068272546
0.050762244,-0.14125004,0.21602857,-0.12386116,-0.32925847,-0.098508224,-0.147932,-0.03044115,0.3988823,0.03802364,-0.55188155,0.14047079
0.096760675,-0.045953285,0.26077795,-0.10383225,-0.63278645,-0.13241625,-0.030745577,-0.087805845,0.49726465,0.034001287,-0.61222,0.45506632
0.06140902,0.00955348,0.112126686,-0.0681976,-0.8426142,0.08269724,-0.0006838846,-0.04759505,0.4729735,0.118763044,-0.54626405,0.58752525
0.0971155,0.043091584,0.048277266,0.01514066,-0.9963784,0.4040857,0.014772203,0.03157514,0.386731,-0.050188746,-0.4570739,0.7504181
0.092278875,0.071229644,0.15002818,-0.17022853,-0.83003753,0.39263377,0.09591518,0.13336065,0.34612054,-0.029560495,-0.49960065,0.63516843
0.09766552,0.08567056,0.33824065,-0.22960405,-0.61550707,0.26720622,0.013145778,0.22715993,0.29742604,-0.073990375,-0.5061724,0.5663042
0.14608027,0.086178124,0.42715684,-0.20190105,-0.3845767,0.11973663,0.08244466,0.2437524,0.23673399,-0.066049196,-0.48977545,0.50907797
0.27310926,-0.093306914,0.02299204,-0.23682356,-0.3209722,0.044659898,0.014534775,0.14327328,-0.043932747,-0.010647338,-0.3464767,0.5077681
0.03412026,-0.1129459,0.11614797,-0.13091592,-0.32518458,0.18643942,0.18262276,-0.098057546,0.015856683,0.10089346,-0.26746857,0.4179439
0.09769055,-0.09462698,-0.20053995,0.01236831,-0.18834496,0.22837324,-0.015862912,-0.43643206,-0.038212895,0.09403671,-0.19430867,0.49992985
-0.08488403,-0.46242744,-0.2711965,0.023625385,-0.14085516,0.26016164,-0.034346227,-0.63901454,0.30821413,0.107059054,-0.13087016,0.46655303
-0.18511172,-0.8021084,0.017556833,-0.022217441,0.017864441,0.22904128,0.0826963,-0.73940384,0.6071805,0.08286917,-0.03718953,0.44804943
-0.12797369,-1.0635705,0.34735325,-0.03600858,0.030616181,0.1822249,-0.018113684,-0.7637445,0.6077444,0.10269855,0.011066397,0.4944643
-0.13131244,-1.0719914,0.5830125,-0.073870845,0.11427258,0.07278282,0.10215856,-0.6380349,0.71915644,0.010716293,0.10809324,0.5094675
0.045573033,-0.8723625,0.484884,-0.0025293604,0.15907855,0.3157826,0.18562396,-0.5478523,0.57261276,0.08605845,0.23087196,0.47886688
0.14826472,-0.6605787,0.26506114,-0.038741745,0.14753212,0.4673559,0.16451775,-0.40917897,0.4525496,0.07702771,0.29092127,0.33407885
0.15282668,-0.46363664,0.065866485,-0.22292532,0.027865296,0.41667974,0.097812794,-0.41003335,0.23350479,-0.16790283,0.27193192,0.25056157
0.08570843,-0.3331491,0.2205714,-0.06837007,0.15161395,0.08309288,-0.10571412,-0.29831472,0.74591595,-0.02575009,-0.039070163,-0.023752358
0.14934596,-0.16082628,0.15024103,-0.24054873,0.027634835,-0.086848974,-0.06869412,-0.058948703,0.4435945,0.13625981,-0.20564082,0.07936965
0.031815916,-0.16409063,0.15811396,-0.16489498,-0.25459638,-0.07890441,-0.12935446,-0.023854112,0.35611856,0.042000514,-0.4638056,0.10912064
0.13109769,-0.074309595,0.27342075,-0.073058404,-0.5996936,-0.11250913,-0.055639554,-0.0877736,0.47593156,0.015293036,-0.61384404,0.40296486
0.052378014,-0.005089556,0.14688425,-0.0978836,-0.8231957,0.03324044,-0.006835419,-0.0724915,0.47703242,0.13892564,-0.5574251,0.554816
0.07497613,0.061455943,0.030583436,0.02819131,-0.9666886,0.33007187,-0.0030022147,0.020906273,0.40396595,-0.055495936,-0.4370231,0.73763186
0.08799212,0.092661016,0.1311797,-0.114715636,-0.86820817,0.38941026,0.09301114,0.120893225,0.33628052,-0.025494572,-0.4856668,0.6526542
0.08845112,0.102654025,0.3235813,-0.21977377,-0.6451573,0.26546323,0.043153707,0.18889815,0.32777098,-0.07708454,-0.518611,0.57556546
0.15701182,0.074829035,0.3839105,-0.21756609,-0.41423473,0.1279311,0.05616852,0.24610843,0.2329237,-0.0752142,-0.49319452,0.5449214
0.24423577,-0.087425694,0.07882882,-0.24722463,-0.35703087,-0.0014433402,0.03356278,0.19431944,0.012322562,-0.02836423,-0.35314187,0.4994397
0.08261049,-0.11169633,0.16540696,-0.16297348,-0.34492108,0.15770619,0.15141784,-0.034883194,0.03281589,0.08750643,-0.30002612,0.42336085
0.12461452,-0.0872076,-0.16444999,0.010083128,-0.20582707,0.26953,0.024586305,-0.37725228,-0.081783794,0.117490575,-0.2135265,0.5204831
-0.053410873,-0.38816065,-0.32798707,-0.0076781437,-0.14609177,0.2328971,-0.058614243,-0.6088441,0.22260743,0.08408584,-0.123306796,0.4878462
-0.18723406,-0.7343743,0.010644134,-0.011658158,-0.0086847255,0.22222976,0.07357193,-0.6992212,0.638116,0.09715354,-0.055262957,0.41071022
-0.13410205,-1.0186955,0.2829069,-0.037348304,0.028526133,0.20158345,-0.0026744301,-0.75140256,0.59302264,0.11876924,-0.008975268,0.48374835
-0.1307757,-1.0784619,0.5350739,-0.06014316,0.09221076,0.091277555,0.08490209,-0.65857923,0.6925431,0.015289452,0.09084207,0.5229788
0.014421517,-0.91258985,0.5250533,-0.039877877,0.15169889,0.2538498,0.16988198,-0.5531349,0.61121047,0.0708588,0.20365608,0.48831037
0.11671482,-0.7186974,0.31280893,-0.0069417674,0.16093014,0.461598,0.16982159,-0.43991655,0.47624236,0.090391055,0.28272477,0.35774207
0.17213409,-0.50800806,0.08634068,-0.20921202,0.020925088,0.43928957,0.11781971,-0.42603463,0.22563761,-0.15271649,0.31079853,0.27233905
0.109151445,-0.34308764,0.18570656,-0.072220825,0.14312541,0.15150465,-0.09524921,-0.32550287,0.70541525,-0.04892317,0.006122227,0.011519093
0.13488273,-0.18711644,0.15122826,-0.22137137,0.07357279,-0.06665258,-0.068193704,-0.070562705,0.50053257,0.1265923,-0.18601218,0.05742191
0.045798734,-0.16673024,0.13688086,-0.19121252,-0.20397109,-0.065077044,-0.12937601,-0.026465904,0.34332114,0.05470946,-0.3985815,0.08598136
0.122759394,-0.100677475,0.2899053,-0.07235599,-0.5345308,-0.12742276,-0.08341746,-0.079192534,0.48470408,0.019721542,-0.6222045,0.3369624
0.06321606,0.0044834567,0.18398789,-0.11774819,-0.78247994,-0.02591901,-0.008242004,-0.067926794,0.50060815,0.11967652,-0.5911326,0.52686906
0.08208922,0.042439666,0.038562823,0.008418553,-0.9560094,0.29527852,-0.021946399,0.017395105,0.43608704,-0.008152846,-0.4601984,0.7099576
0.08616596,0.07919562,0.09382536,-0.07592358,-0.9185583,0.4258292,0.09233462,0.08932604,0.3451697,-0.031246807,-0.47984755,0.6919909
0.11002526,0.07363558,0.23509933,-0.24423397,-0.6847807,0.3025521,0.01405061,0.19241115,0.30386117,-0.049292658,-0.47051015,0.59350026
0.092836365,0.12216696,0.51020205,-0.1599154,-0.4567708,0.17767543,0.09815287,0.25182727,0.34972447,-0.087304994,-0.51205325,0.47307533
0.29508528,-0.04527689,0.039232638,-0.22814052,-0.29575408,0.05235728,-0.061825085,0.17859954,-0.030712573,0.0017607771,-0.41878513,0.5706109
0.04769306,-0.14786148,0.1299449,-0.20246343,-0.42136708,0.078378305,0.21200795,0.060737193,0.0509563,0.02968413,-0.2689765,0.41069496
0.11011006,-0.017053334,-0.011766763,0.0141659565,-0.21553253,0.23829713,0.049036037,-0.3110569,-0.036842696,0.1294905,-0.25307757,0.4894005
0.024195703,-0.34526533,-0.36034185,-0.012014169,-0.19305763,0.26153246,-0.09822156,-0.571819,0.10109233,0.10591397,-0.15999556,0.49895114
-0.2229566,-0.65018225,-0.10370775,0.036922716,-0.015348078,0.26239824,0.11749627,-0.6885936,0.5617037,0.0686329,-0.05355902,0.42300147
-0.10137716,-0.9851442,0.20777605,-0.05682217,0.024956105,0.20154226,-0.030870412,-0.7605115,0.60611445,0.15859032,-0.01600983,0.47152147
-0.15763333,-1.1135579,0.51393527,-0.066520624,0.08637856,0.09444529,0.071209215,-0.68479633,0.6954888,0.012932211,0.063926555,0.5144527
-0.031013457,-0.9274648,0.5420529,-0.028542757,0.1579068,0.18886407,0.16472396,-0.55536646,0.66422176,0.042638425,0.19380622,0.50174594
0.11851739,-0.77180475,0.3625478,-0.005745247,0.14892569,0.45858133,0.16898337,-0.4555904,0.48787215,0.13477983,0.26291215,0.38894197
0.14981489,-0.5586238,0.10981842,-0.17306699,0.011293602,0.46521252,0.15912594,-0.44342405,0.2135879,-0.17154998,0.33056012,0.30783838
0.13791993,-0.37615174,0.17341985,-0.08004778,0.14796479,0.23499346,-0.07416693,-0.3517608,0.6782361,-0.060890764,0.077798724,0.03890888
0.1179851,-0.21712752,0.13687009,-0.20042248,0.1164642,-0.055394806,-0.07411964,-0.089041404,0.54781574,0.137162,-0.16352938,0.04853197
0.056153715,-0.1689215,0.10297929,-0.22580536,-0.13532151,-0.04927468,-0.09861924,-0.013362868,0.32896498,0.026512254,-0.30628932,0.07084766
0.123757556,-0.10053725,0.28832465,-0.059402596,-0.48231575,-0.12510425,-0.119092174,-0.06851388,0.4798321,0.044368763,-0.6365954,0.2593907
0.05598755,-0.022955341,0.21747285,-0.14172244,-0.7285776,-0.08850819,-0.010452319,-0.08542197,0.5146307,0.09850536,-0.6097368,0.49866554
0.063905135,0.04042777,0.06196286,-0.018928718,-0.9238736,0.2236897,-0.00045894785,-0.005117301,0.47175187,0.024174545,-0.5099723,0.6709724
0.10723681,0.060870226,0.057477135,-0.033664715,-0.9725439,0.46353042,0.05350612,0.08011871,0.34265277,-0.013808239,-0.46478716,0.7319175
0.091439575,0.073549196,0.2084666,-0.22848684,-0.731514,0.3434189,0.05653232,0.17131756,0.32790872,-0.05149358,-0.48635522,0.6014
0.084824175,0.0971175,0.4237391,-0.18123834,-0.5025252,0.191564,0.0608329,0.23993985,0.31233427,-0.09499275,-0.5064258,0.52371
0.23673867,0.0011776565,0.23859663,-0.24840145,-0.32721642,0.07713752,-0.0015747468,0.20374107,0.08695665,-0.003352087,-0.4448594,0.54911894
0.16639066,-0.11106558,0.010805214,-0.18757953,-0.37830222,0.043686155,0.13852628,0.080097064,-0.0118177775,-0.024244849,-0.29306966,0.47611785
0.05427882,-0.067157865,0.07007769,-0.05076871,-0.2553927,0.24764892,0.12576586,-0.22606678,0.005442906,0.15333256,-0.27263212,0.44074762
0.06501878,-0.22913583,-0.3307294,0.007419277,-0.17949054,0.23779231,-0.08540379,-0.54256326,0.007963559,0.08880491,-0.16572903,0.5139013
-0.17625831,-0.6362673,-0.16516058,0.037982073,-0.034033764,0.27133963,0.058132317,-0.69078934,0.50703174,0.090906,-0.06187036,0.41306567
-0.15885927,-0.9286908,0.13578598,-0.052286103,0.01859708,0.20753191,0.029809106,-0.78156096,0.5934265,0.111355945,-0.00149626,0.47958356
-0.13361067,-1.0985544,0.47562993,-0.061844457,0.079726875,0.10522714,0.023566145,-0.706546,0.69538236,0.058514718,0.04257124,0.5006484
-0.06290639,-0.97415185,0.5657467,-0.044584993,0.13421796,0.14708531,0.15403123,-0.56874,0.6799977,0.011716563,0.16310821,0.5152475
0.09506878,-0.809421,0.39792922,-0.0051214825,0.15339945,0.42024645,0.19025975,-0.5073347,0.5005161,0.11538644,0.2525843,0.42067367
0.1745657,-0.583383,0.16743128,-0.14347208,0.0188283,0.48883522,0.15845181,-0.4274243,0.28026336,-0.08469561,0.33582777,0.32002598
0.12158021,-0.36946443,0.14032973,-0.11543975,0.13404694,0.28226417,-0.024550203,-0.3640948,0.5687121,-0.12725955,0.11747444,0.12871297
0.09317452,-0.26650944,0.15030272,-0.17576766,0.14815395,-0.009688131,-0.06821392,-0.13627747,0.5926339,0.10878733,-0.13357997,-0.0010670538
0.08974268,-0.17066376,0.12603436,-0.23993826,-0.10579973,-0.057558514,-0.09789481,-0.039699342,0.35556707,0.07753852,-0.25136596,0.053652007
0.09965653,-0.117426954,0.2430562,-0.06570069,-0.40343633,-0.10206692,-0.10903459,-0.07225253,0.41456467,0.0059929825,-0.5829441,0.2259913
0.0690761,-0.029772138,0.23381428,-0.13484682,-0.67961365,-0.11407013,-0.030616287,-0.11051399,0.5099896,0.09650339,-0.5965442,0.466631
0.054078117,0.032572206,0.08661496,-0.043553412,-0.8843316,0.13868332,-0.004383707,-0.022032138,0.47972998,0.05143247,-0.51477265,0.62462234
0.09963762,0.060486358,0.053717364,0.013422705,-0.98092645,0.42478302,0.044627097,0.056041826,0.34367144,-0.03187159,-0.46249136,0.7416755
0.094710685,0.068537995,0.17941351,-0.22695456,-0.7875191,0.36369175,0.07395712,0.1507053,0.33846942,-0.027557533,-0.4945173,0.61222684
0.07629731,0.116686255,0.39900702,-0.17271905,-0.5421928,0.21286854,0.06200281,0.23764631,0.30561548,-0.111274704,-0.51761156,0.5597104
0.21477444,0.025044682,0.27417186,-0.24936916,-0.3375101,0.08290974,0.021210995,0.2313316,0.12883514,-0.026195277,-0.46208432,0.542284
0.17844509,-0.10539548,0.059976466,-0.21810931,-0.3870844,0.013999977,0.122086756,0.12568496,-0.0009076652,-0.019501578,-0.31452832,0.47712237
0.07845941,-0.08602233,0.111812614,-0.07780995,-0.26939934,0.22309965,0.11758431,-0.17774877,0.010251582,0.113254756,-0.29310724,0.43167132
0.098488174,-0.17756309,-0.3148876,0.011257127,-0.19390464,0.2573655,-0.044628616,-0.500167,-0.05480145,0.106814764,-0.16223349,0.5276993
-0.17159013,-0.5382029,-0.21488997,0.026064372,-0.06741779,0.25035468,0.027392365,-0.6700467,0.4435087,0.0837726,-0.080879815,0.42183393
-0.14805855,-0.8659274,0.09719502,-0.037837513,0.013030394,0.20872185,0.026073443,-0.76141775,0.6096691,0.10362748,-0.02925454,0.46566668
-0.14800826,-1.0912619,0.40306264,-0.04855814,0.05358748,0.12970713,0.018196777,-0.7362016,0.6461265,0.06346571,0.029476218,0.5038223
-0.09494557,-1.0099047,0.5783871,-0.05260208,0.12130209,0.116596855,0.12565002,-0.5967322,0.70455366,0.0054626316,0.1440357,0.52272856
0.070733905,-0.8573234,0.44698578,-0.004021829,0.1538029,0.3861994,0.18268716,-0.5334238,0.52904356,0.11688252,0.23848589,0.4475187
0.1578169,-0.6176365,0.22330122,-0.091246784,0.09309021,0.46673185,0.16377302,-0.42991692,0.36843362,-0.009365279,0.3246736,0.3181442
0.15381804,-0.4200947,0.1056865,-0.18982051,0.08878708,0.36115372,0.050578374,-0.38730103,0.38457742,-0.14794868,0.19355677,0.20008971
0.053292565,-0.321348,0.17907019,-0.10091088,0.16431485,0.025713505,-0.10770491,-0.22455046,0.6813005,0.038098197,-0.09607682,-0.045095097
0.13901132,-0.1416141,0.1312335,-0.24720521,-0.048383065,-0.07368891,-0.06428992,-0.061047986,0.39761564,0.10861923,-0.21130553,0.07079704
0.07566063,-0.13544972,0.19338915,-0.1147638,-0.3374689,-0.08607407,-0.13939749,-0.04057654,0.36918238,0.023842078,-0.5386859,0.16464308
0.087451,-0.05426189,0.26992923,-0.099899955,-0.6384771,-0.12546569,-0.03146042,-0.10176362,0.5158723,0.038970362,-0.6097653,0.4479003
0.053272285,0.019177536,0.11429585,-0.068150245,-0.8430053,0.07970784,-0.005236482,-0.046559904,0.4850127,0.11810636,-0.5400767,0.57821727
0.09626505,0.047231793,0.047247276,0.01868942,-0.9875228,0.40242735,0.020924114,0.04327043,0.38046488,-0.040383127,-0.4524931,0.7416788
0.095250785,0.07076515,0.14374286,-0.17803794,-0.8309761,0.3932708,0.09122333,0.13426752,0.34408793,-0.032945003,-0.496597,0.6370678
0.09387111,0.091488354,0.3302569,-0.22970015,-0.6099951,0.2636563,0.01328636,0.23623194,0.29229623,-0.06829096,-0.49315822,0.5661167
0.14112386,0.09900843,0.43555337,-0.19313961,-0.3785265,0.11427314,0.08747574,0.23652613,0.24409516,-0.061199155,-0.48419937,0.49668634
0.27981126,-0.10560991,0.00043758983,-0.22769551,-0.31048343,0.040820673,-0.0020642164,0.14038642,-0.051992647,-0.009269562,-0.3501631,0.5127299
0.023750888,-0.12607065,0.12021483,-0.12844697,-0.3281776,0.18493782,0.19154163,-0.09676711,0.025917454,0.099173054,-0.26323357,0.41437155
0.100278825,-0.096156865,-0.2077427,0.009548895,-0.18651102,0.2309041,-0.019960765,-0.43928728,-0.0435509,0.10314641,-0.18675192,0.49928975
-0.09179952,-0.47402278,-0.2652294,0.026681285,-0.14390816,0.25645006,-0.05392632,-0.6432521,0.33827227,0.10952543,-0.12180038,0.45425683
-0.19317771,-0.7927021,0.019311305,-0.0075002927,0.022501154,0.23217613,0.10309638,-0.7384645,0.6064781,0.072823495,-0.029968388,0.45782956
-0.1130101,-1.0666186,0.33572164,-0.0492956,0.030048793,0.1711099,-0.03239509,-0.76346743,0.6070996,0.11090233,0.009679194,0.4993385
-0.13906036,-1.0754025,0.5875885,-0.07496574,0.11842458,0.08188195,0.10687855,-0.63057363,0.727283,0.0024712272,0.11023305,0.51295984
0.04348518,-0.87903136,0.48147547,0.0027556568,0.17161156,0.33012143,0.18160285,-0.5513187,0.57246214,0.094816625,0.2371719,0.4721883
0.15306573,-0.6598355,0.25933248,-0.039515432,0.1564896,0.47240412,0.15964831,-0.40714294,0.4515848,0.08774318,0.2933239,0.33001772
0.14409183,-0.4520552,0.050909262,-0.22185433,0.030470653,0.40445927,0.092610575,-0.41296196,0.2255496,-0.19225183,0.27083677,0.24582256
0.078854024,-0.33436537,0.23907594,-0.06679676,0.15236618,0.06886952,-0.11640457,-0.29099503,0.77876407,-0.02085862,-0.050139096,-0.032285627
0.15358447,-0.15712006,0.1435814,-0.2387685,0.015462804,-0.083735526,-0.06733423,-0.05210774,0.42371958,0.14786708,-0.20972683,0.092953295
0.037448145,-0.17414436,0.14585854,-0.16000415,-0.25890797,-0.06138266,-0.12538336,-0.038279787,0.34083596,0.025024373,-0.4624523,0.12211794
0.12906583,-0.07419297,0.27719995,-0.06499142,-0.60428923,-0.103416204,-0.0481814,-0.10040377,0.48239726,0.016459238,-0.6043853,0.410231
0.03871826,-0.0070846276,0.151368,-0.09857207,-0.82267046,0.025388876,-0.010693293,-0.0766905,0.49128988,0.13943857,-0.5515431,0.545691
0.06407585,0.078431085,0.03861997,0.03053724,-0.95666534,0.3249354,0.0030669975,0.02999926,0.41371056,-0.043980885,-0.43553376,0.7258362
0.099221446,0.08716444,0.11746073,-0.12360332,-0.8714561,0.39560363,0.08703752,0.12224921,0.3286949,-0.029040124,-0.48445907,0.6572043
0.09088104,0.09955379,0.31999645,-0.22966644,-0.646409,0.2731438,0.03555322,0.20394702,0.32418665,-0.066645995,-0.51154196,0.5734928
0.13893682,0.09185789,0.41635942,-0.20224303,-0.4026574,0.12336064,0.077007934,0.2401921,0.25503185,-0.07759999,-0.49157748,0.52404386
0.2573935,-0.08947651,0.04081927,-0.235598,-0.33407298,0.0031944152,-0.0017711478,0.18272693,-0.011217019,-0.015990693,-0.35892397,0.51186645
0.06071475,-0.12761997,0.16590604,-0.16406555,-0.3571534,0.14832127,0.17808786,-0.024712391,0.046288386,0.08148571,-0.28998876,0.41495058
0.12173911,-0.073856756,-0.16536056,0.017687716,-0.20106812,0.2625585,0.02017409,-0.38270006,-0.085778266,0.12216301,-0.21008153,0.5205927
-0.053304195,-0.41444457,-0.3165059,-0.010563292,-0.16018379,0.24098818,-0.08346299,-0.6171322,0.2592797,0.099711254,-0.12007466,0.46584985
-0.20565405,-0.7234191,-0.0068160924,0.01649174,0.007075256,0.23368372,0.10543708,-0.7145109,0.6081267,0.07644967,-0.039350588,0.43997374
-0.11075994,-1.0368041,0.27731684,-0.05888906,0.021403221,0.17616422,-0.03183286,-0.76165104,0.6063465,0.13073993,-0.0052769305,0.48064125
-0.15180844,-1.0880144,0.5625796,-0.069795944,0.09919262,0.08412804,0.08249011,-0.65864164,0.7068184,0.0031153448,0.08646151,0.52319807
0.020222427,-0.90946877,0.52130294,-0.012342975,0.1609883,0.27667847,0.16895704,-0.5559063,0.60774356,0.07539524,0.21731067,0.49042702
0.12201148,-0.7120521,0.29751894,-0.016383199,0.15310788,0.4739915,0.17347829,-0.43729872,0.45897698,0.10798168,0.28314918,0.35450935
0.16814734,-0.49560538,0.07380587,-0.21397288,0.029930217,0.4322776,0.10722429,-0.43078184,0.22570837,-0.17830077,0.31057706,0.26781195
0.10488643,-0.34848008,0.20254575,-0.068627335,0.14579059,0.12894925,-0.10433799,-0.3161773,0.7278908,-0.052793387,-0.007870422,0.004550028
0.13135485,-0.1892067,0.15619259,-0.22388431,0.06628442,-0.06801371,-0.07274603,-0.06469416,0.49594086,0.14892358,-0.19845614,0.0590044
0.054796822,-0.16511188,0.13430636,-0.18517725,-0.20945175,-0.057879757,-0.12114435,-0.022743098,0.33028764,0.04482271,-0.3906738,0.095833786
0.13157378,-0.09607373,0.27213526,-0.06573291,-0.55063885,-0.109920934,-0.08719982,-0.09472584,0.46601957,0.013698649,-0.61818194,0.354033
0.047305547,-0.0011227997,0.19623965,-0.1186875,-0.78744215,-0.03238923,-0.0060685384,-0.078862526,0.5188679,0.114422336,-0.5884179,0.52140266
0.06654376,0.054613702,0.05083303,0.016375732,-0.9391069,0.28191528,-0.012227846,0.02119134,0.45425925,0.0039258413,-0.45979598,0.69531155
0.09162437,0.077583544,0.079668924,-0.082952,-0.91988546,0.43227237,0.0836998,0.09663422,0.3277546,-0.02977572,-0.4694279,0.69517624
0.104570776,0.077350035,0.2392908,-0.24480109,-0.6884496,0.30442625,0.018620754,0.19577889,0.30855212,-0.056188036,-0.47151074,0.5936974
0.09276469,0.12909596,0.525487,-0.16218412,-0.45313028,0.17520377,0.10356981,0.25551885,0.36751077,-0.07830993,-0.51626265,0.45784086
0.29726422,-0.05140869,0.030581491,-0.21544851,-0.2899682,0.05203882,-0.0716814,0.1701011,-0.047251556,0.0007114373,-0.42262065,0.58440787
0.039884865,-0.14707905,0.11372141,-0.1974326,-0.42476374,0.077791646,0.2287709,0.061875448,0.043903343,0.023645204,-0.25813687,0.41044375
0.107592866,-0.007379246,-0.0026650517,0.01270717,-0.2139923,0.23172882,0.047746874,-0.31295624,-0.033286773,0.13729225,-0.25462085,0.48408455
0.025194937,-0.3710791,-0.34704334,-0.015875977,-0.19958028,0.26383898,-0.110486105,-0.5828509,0.12295817,0.10341063,-0.16049372,0.48986822
-0.23796917,-0.6446331,-0.10217544,0.05687992,-0.006169067,0.2751234,0.1313078,-0.7020716,0.5509125,0.06254677,-0.03649348,0.43451017
-0.089043856,-0.9880992,0.1896766,-0.06343923,0.016822523,0.1923927,-0.037040386,-0.7708866,0.59694064,0.15402877,-0.016702782,0.48727664
-0.16494907,-1.1266237,0.53581727,-0.07969842,0.09677767,0.07196117,0.0560291,-0.6948976,0.7233157,0.0026674569,0.056308087,0.5106887
-0.026544718,-0.93092376,0.5558093,-0.009230355,0.1605253,0.20761222,0.15801585,-0.5578167,0.6623031,0.040143624,0.20583913,0.5044164
0.10407993,-0.76966923,0.3454781,-0.0028156275,0.1397702,0.46966648,0.18432158,-0.45522198,0.47093323,0.1494259,0.2632982,0.3886981
0.18445534,-0.5455155,0.106657,-0.18867995,0.02678244,0.46712196,0.13814571,-0.43707773,0.22279304,-0.17056158,0.3356611,0.2957866
0.12229328,-0.36844122,0.17934291,-0.08660591,0.14052957,0.21855696,-0.07823371,-0.3465865,0.6541436,-0.08909464,0.061477393,0.054696966
0.09608006,-0.2387021,0.1576481,-0.1970506,0.13422166,-0.07373876,-0.07393188,-0.08905617,0.5841638,0.1490717,-0.17556953,0.026297677
0.07343983,-0.14983875,0.11936791,-0.21962875,-0.1465003,-0.055015646,-0.09822685,-0.0023045614,0.31401885,0.051486764,-0.29102165,0.078087986
0.13795006,-0.095261514,0.23832761,-0.067292,-0.50052583,-0.09401525,-0.11588763,-0.081892215,0.43704915,0.008899134,-0.63272184,0.27610278
0.047756217,-0.023852712,0.23907252,-0.12431542,-0.7492106,-0.08814248,0.0028142077,-0.10220382,0.5343626,0.09478365,-0.61546993,0.506958
0.040486336,0.043716345,0.08693231,-0.021590918,-0.8896687,0.1850618,0.0059129377,-0.0059896,0.5041039,0.0405667,-0.5175533,0.65251875
0.1188145,0.04078254,0.040935475,-0.048000894,-0.9670993,0.47853413,0.046756502,0.08579775,0.3247456,-0.012788836,-0.4531996,0.7324016
0.08263071,0.06897804,0.21711846,-0.23622283,-0.75239986,0.36328396,0.064770155,0.17860912,0.32844684,-0.047114242,-0.49481598,0.5917493
0.07615912,0.118888155,0.42369053,-0.1777922,-0.51111543,0.19326007,0.0644724,0.23578125,0.29547608,-0.09955479,-0.5078475,0.52814907
0.23291525,0.022314252,0.27537778,-0.24637161,-0.31525594,0.078384906,0.003833626,0.19850497,0.11294945,0.006358918,-0.45060372,0.5303981
0.1810177,-0.13009347,-0.027111063,-0.18525901,-0.3694825,0.032361828,0.12583508,0.07685729,-0.039947778,-0.03178912,-0.28991878,0.49032238
0.029199677,-0.07495974,0.07953152,-0.046763565,-0.25463846,0.24934788,0.1532247,-0.22732891,0.017813282,0.14825407,-0.26491138,0.43754476
0.07957676,-0.22852592,-0.31546897,-0.0034315027,-0.18517259,0.23326032,-0.10163269,-0.54690635,0.024839288,0.09926162,-0.16566408,0.50665736
-0.17894153,-0.6361927,-0.14244676,0.05324937,-0.038848337,0.29807362,0.062241282,-0.690637,0.51568806,0.08316086,-0.064891115,0.41176385
-0.1622325,-0.9151863,0.08908107,-0.036392123,0.014663997,0.20610186,0.046879392,-0.7946915,0.5509063,0.09273647,0.0024700714,0.5202497
-0.12107732,-1.1164112,0.50483364,-0.09365886,0.082272284,0.070989765,-0.0055154026,-0.7377241,0.72928625,0.059949078,0.042982507,0.49625272
-0.06340602,-0.9820687,0.603328,-0.02571433,0.1301493,0.14926298,0.13974644,-0.572591,0.6810678,-0.014886193,0.16465738,0.5130597
0.06942923,-0.80399364,0.37620986,0.024195764,0.14620174,0.43462119,0.21930036,-0.5113456,0.49771526,0.13872859,0.25216097,0.4279467
0.21138215,-0.54779077,0.16691329,-0.15865825,0.0625353,0.47726038,0.12422692,-0.39963323,0.3104298,-0.035676803,0.3465799,0.3048398
0.1115337,-0.38801745,0.13409422,-0.16167167,0.117001876,0.29688388,0.02683713,-0.36651716,0.45937705,-0.16079836,0.11981728,0.17157985
0.0587323,-0.32462922,0.1826043,-0.1370981,0.16884431,-0.039752923,-0.10430793,-0.18723102,0.6693189,0.06776486,-0.14612977,-0.061419245
0.1365067,-0.12617399,0.16111042,-0.24486683,-0.11340464,-0.098283485,-0.0877936,-0.037239227,0.3710467,0.13396303,-0.24063286,0.08732671
0.08657433,-0.112193435,0.18695533,-0.10007927,-0.40485033,-0.09360589,-0.10635796,-0.048672058,0.36435744,-0.015933651,-0.5754985,0.22777769
0.09888913,-0.03845476,0.24156334,-0.08842976,-0.7229562,-0.09741161,-0.02350035,-0.1352226,0.51077414,0.05737787,-0.6117906,0.50570667
0.023864882,0.018949734,0.13617195,-0.063947,-0.8536621,0.09721644,0.017070655,-0.047050025,0.52468175,0.101124555,-0.5439647,0.5918536
0.100559816,0.043782286,0.05091408,-0.0011145064,-0.9645427,0.41695684,0.042384747,0.06800466,0.34491602,-0.04482011,-0.44829598,0.7509192
0.10221036,0.05026145,0.17765792,-0.22306153,-0.81088024,0.40404984,0.07366507,0.15984944,0.32958895,-0.030276272,-0.49919328,0.6145087
0.07234084,0.1232771,0.40647385,-0.21174723,-0.5744047,0.23825717,0.061935324,0.24005513,0.30412734,-0.09487658,-0.5241352,0.5504552
0.20450419,0.050322246,0.35697004,-0.21924444,-0.33415234,0.08459701,0.03510183,0.22231725,0.1764491,-0.040488508,-0.4816758,0.52714956
0.21199861,-0.10865335,0.0016509541,-0.2167194,-0.34394243,0.027998308,0.08935293,0.10970066,-0.0490194,-0.011977572,-0.30982524,0.49773198
0.03471376,-0.09675518,0.097952746,-0.09758709,-0.27608594,0.21401553,0.16049525,-0.1686628,0.01620697,0.115977824,-0.26162872,0.41633925
0.10081356,-0.16183439,-0.26645446,0.017235518,-0.19914238,0.23376691,-0.05376871,-0.50486785,-0.01797006,0.09402882,-0.17011318,0.5189012
-0.14571269,-0.5539608,-0.18596469,0.033311132,-0.085062034,0.29113266,0.012091953,-0.66819304,0.46455592,0.10132874,-0.08725338,0.40918365
-0.17581059,-0.8335898,0.01909822,-0.0115883835,0.0021781013,0.21493658,0.07074237,-0.7749731,0.5305386,0.06512612,-0.0082451,0.53272235
-0.112927094,-1.1128817,0.4597065,-0.09864638,0.0725013,0.08903511,-0.019494204,-0.7681461,0.7161154,0.091112494,0.028443187,0.48123878
-0.091428354,-1.017848,0.63167506,-0.030401625,0.101967156,0.10935465,0.11053593,-0.6062769,0.68571985,-0.024777118,0.13230467,0.51651525
0.04913231,-0.84306,0.42001614,0.039358187,0.15332112,0.39675993,0.22567052,-0.5438608,0.53519386,0.13291998,0.24467017,0.45170027
0.21477996,-0.5522406,0.1918207,-0.109745674,0.13880326,0.46444562,0.14226812,-0.37443513,0.40901196,0.035919227,0.3228119,0.31324178
0.10611698,-0.41840622,0.050387193,-0.21499354,0.024303606,0.3510288,0.062184807,-0.38368452,0.2555828,-0.17305914,0.20143001,0.21743898
0.058407545,-0.35415614,0.2718613,-0.08241367,0.15361407,-0.0010174874,-0.10571789,-0.2602195,0.79580474,-0.016147252,-0.08385995,-0.06212431
0.18650723,-0.12068747,0.17268094,-0.23820253,-0.04152349,-0.11772317,-0.0913386,-0.042432953,0.37800908,0.18761441,-0.24067543,0.11123361
0.018116945,-0.15633589,0.15948327,-0.1580224,-0.31597444,-0.09053249,-0.1021471,-0.018605612,0.35460424,0.003194522,-0.49462745,0.16121835
0.15311395,-0.039494496,0.21705393,-0.038101364,-0.6782683,-0.09333013,-0.048739444,-0.121953554,0.4618452,0.003168013,-0.6212389,0.47474527
0.02045864,-0.020524664,0.18930121,-0.090781145,-0.8734885,0.060330708,0.0072043133,-0.077573724,0.51088285,0.15439224,-0.56625783,0.5613603
0.047389865,0.07521742,0.07223038,0.016783182,-0.91927654,0.3198596,0.053046804,0.03478116,0.39906144,-0.080753714,-0.44655594,0.7492065
0.14123559,0.0484653,0.13447814,-0.18054089,-0.85725945,0.4243683,0.054796312,0.14896412,0.30936736,-0.0066738464,-0.4732499,0.6462
0.06624995,0.10404746,0.40576893,-0.24465002,-0.6315739,0.27457958,0.06862361,0.23069511,0.3375023,-0.08115617,-0.54472303,0.54919934
0.19383015,0.055446398,0.38504535,-0.21765324,-0.36229032,0.10056069,0.0509318,0.24805056,0.21293329,-0.1036744,-0.5145328,0.54694766
0.21831258,-0.04845063,0.030654276,-0.24271148,-0.33113796,0.021610046,0.07813277,0.12526645,-0.06865024,0.033202913,-0.31831568,0.50922674
0.04541953,-0.09860021,0.13518433,-0.14736271,-0.30777946,0.16761044,0.14553683,-0.082912475,0.055419203,0.07278672,-0.26043034,0.3768944
0.102117404,-0.11883128,-0.22972494,0.054302573,-0.18885383,0.2434438,0.0028946553,-0.46022117,-0.07237766,0.08560465,-0.19902311,0.5427861
-0.095210955,-0.50815374,-0.22779131,-0.018601889,-0.12054304,0.28615436,-0.036461897,-0.6593747,0.38751268,0.13358635,-0.10147151,0.40876502
-0.20104183,-0.74771595,-0.029169207,0.013930032,-0.0014733461,0.21763054,0.09743812,-0.75368255,0.51436985,0.039084893,-0.011933108,0.5358687
-0.104250565,-1.1118047,0.40841606,-0.096776925,0.055167347,0.11408778,-0.028779877,-0.7844745,0.71345925,0.118344866,0.017860372,0.4666428
-0.118645534,-1.0584831,0.63066417,-0.04179316,0.086519346,0.09328344,0.09059875,-0.64371216,0.68465513,-0.01868559,0.10505271,0.5212614
0.033404745,-0.87919766,0.47160658,0.042950306,0.15397629,0.3431239,0.21874665,-0.5703393,0.5731425,0.1084161,0.23786968,0.47439143
0.19134746,-0.59800726,0.22923167,-0.08866225,0.11902483,0.46393666,0.17086093,-0.40309638,0.40809473,0.069609076,0.30912313,0.33783972
0.1353785,-0.45646605,0.07084274,-0.22042516,0.026600605,0.39430314,0.07845064,-0.38651803,0.26186466,-0.16504994,0.2480439,0.22910321
0.08417171,-0.34842038,0.23872162,-0.07047015,0.14115205,0.07819134,-0.08150742,-0.28548425,0.7256485,-0.04948548,-0.038578574,-0.020200681
0.15875874,-0.16630183,0.17599271,-0.24218558,0.035324987,-0.123799816,-0.09145527,-0.06231356,0.46284994,0.18878941,-0.23244247,0.06661901
0.034267776,-0.13793696,0.16567269,-0.18338978,-0.2684261,-0.097441524,-0.10315039,0.010459971,0.34847,0.026996676,-0.42368332,0.12582497
0.1538072,-0.054025974,0.21761863,-0.04107624,-0.62961525,-0.10726344,-0.08720075,-0.109757595,0.43390512,-0.001283247,-0.6418087,0.41293588
0.03472773,-0.025657369,0.18967813,-0.093811564,-0.86558855,0.027983265,0.033388276,-0.10548566,0.4893845,0.14070842,-0.5724846,0.56533164
0.039609626,0.06617995,0.08170081,0.008447159,-0.8988212,0.26525894,0.02773527,0.020556722,0.43609247,-0.060357008,-0.45941648,0.72002256
0.1467247,0.037487246,0.11206584,-0.14287229,-0.89817244,0.43780473,0.055005465,0.13462822,0.31596923,-0.011212114,-0.46378264,0.6796161
0.07754866,0.088730596,0.33251056,-0.2638937,-0.68284917,0.3139742,0.045466777,0.22433221,0.3107052,-0.049956206,-0.5123796,0.54985034
0.14690322,0.10062746,0.49025524,-0.17984234,-0.4183393,0.1499922,0.084587954,0.26050407,0.29282805,-0.13567606,-0.53990483,0.51145554
0.2951709,-0.03297485,0.00042395527,-0.26615548,-0.294674,0.043000594,-0.006106313,0.13533197,-0.093518935,0.049125914,-0.35658053,0.5434525
-0.002255572,-0.11639352,0.16719137,-0.16524132,-0.35914204,0.13637258,0.2076374,-0.017751973,0.077514656,0.053863782,-0.2388942,0.37293416
0.119608074,-0.06661722,-0.1530031,0.04590926,-0.18012232,0.2318952,-0.0044625993,-0.41099012,-0.06650666,0.0796638,-0.24075365,0.51903063
-0.021306476,-0.47809744,-0.25737432,-0.028939553,-0.18270974,0.30508944,-0.05526277,-0.6327295,0.2901187,0.15574059,-0.13736388,0.43947935
-0.23872678,-0.6724815,-0.08697814,0.035094526,0.0009962345,0.23267506,0.13095239,-0.7384408,0.49741414,0.024191838,-0.013721739,0.516272
-0.07976961,-1.0630736,0.32710472,-0.08994413,0.039919607,0.15749905,-0.0599604,-0.7744337,0.68796533,0.15868928,0.000707767,0.47048056
-0.15645005,-1.1058295,0.60621876,-0.0714689,0.08905276,0.07884333,0.09451429,-0.66487664,0.70145905,-0.010933332,0.07547564,0.50838125
0.01892347,-0.894014,0.51912034,0.033810373,0.15371655,0.27650335,0.18727255,-0.57401204,0.6096029,0.08084847,0.22065581,0.4833449
0.16279183,-0.65485954,0.2717794,-0.0614874,0.106868856,0.45968315,0.18345468,-0.41824898,0.429882,0.11353198,0.29055247,0.36813647
0.14068887,-0.49608496,0.07944615,-0.21395658,0.03053672,0.42880806,0.111821346,-0.40678662,0.2538231,-0.17499706,0.2857112,0.25899595
0.10896814,-0.36059457,0.2136003,-0.07295282,0.13793616,0.15209074,-0.074531786,-0.309745,0.68824,-0.059731673,0.0112327365,0.017781693
0.13572833,-0.21119964,0.17197911,-0.22727902,0.08925979,-0.116277836,-0.082668595,-0.07331676,0.5244539,0.17574105,-0.20299663,0.045937378
0.045735776,-0.12712678,0.1427012,-0.20833229,-0.19846936,-0.0948937,-0.0868902,0.023234904,0.33679777,0.026501048,-0.3581235,0.10592484
0.14671777,-0.071070746,0.2298883,-0.054888822,-0.5786003,-0.10382001,-0.11054232,-0.094653405,0.43154132,0.020989079,-0.648644,0.33896583
0.04590054,-0.014121343,0.21944481,-0.09471505,-0.8302151,-0.04821214,0.022140805,-0.11530354,0.50331575,0.08375856,-0.60402983,0.5514901
0.05198793,0.051176745,0.07593059,0.0006450376,-0.909037,0.22509834,0.016214225,-0.0014008842,0.43806097,-0.01044054,-0.46451086,0.7065095
0.12158696,0.038997572,0.09356675,-0.09955838,-0.93913937,0.44001156,0.059720002,0.10779808,0.32267934,-0.022580754,-0.4537257,0.7126721
0.09851992,0.06995722,0.24654497,-0.25129867,-0.71842146,0.33579564,0.034715272,0.19697876,0.27941462,-0.056400437,-0.47918293,0.58721346
0.09934435,0.14379117,0.5741216,-0.14677347,-0.47194865,0.18104123,0.091404006,0.26298976,0.3812866,-0.104205444,-0.5491188,0.45685664
0.3223103,-0.03808516,0.021863075,-0.24604262,-0.28645232,0.064676166,-0.048109535,0.14786263,-0.08454831,0.007845972,-0.42844877,0.5740639
-0.0015720259,-0.10272965,0.14510565,-0.1877412,-0.39310625,0.13949786,0.25095636,0.017906737,0.019751526,0.041029073,-0.231209,0.4200763
0.12680472,-0.0454929,-0.036719315,-0.012520172,-0.21293105,0.19488998,-0.010014845,-0.3279398,-0.0036212336,0.08426976,-0.2563456,0.4735312
0.027324418,-0.40178734,-0.26303774,0.010068625,-0.19853745,0.3037833,-0.055427413,-0.5820401,0.18599133,0.12590256,-0.18589747,0.480352
-0.22665887,-0.63310224,-0.16313948,0.021290712,-0.015888194,0.27784806,0.123698495,-0.7348872,0.4884944,0.06067727,-0.034171473,0.47683084
-0.085814655,-0.98608303,0.23471564,-0.04595354,0.039490767,0.21280214,-0.036311943,-0.7582011,0.6373354,0.15299869,-0.005219006,0.4940863
-0.15749402,-1.1421001,0.5516244,-0.09799812,0.09089795,0.068455294,0.066488,-0.69227165,0.7230774,0.017608438,0.05786516,0.49377814
-0.015491581,-0.9211967,0.56083643,-0.002001468,0.15478173,0.18500015,0.15677568,-0.56631786,0.65445876,0.028994057,0.20040433,0.49144122
0.12814501,-0.7203905,0.33384055,-0.02002605,0.11351918,0.4630685,0.1995537,-0.4389224,0.4712687,0.15056734,0.26940387,0.3986001
0.14490087,-0.5361055,0.089553036,-0.19840287,0.0003533946,0.46672955,0.15098603,-0.4308826,0.21495907,-0.17397021,0.32187623,0.30917197
0.13633768,-0.3820687,0.18606882,-0.07930346,0.14477319,0.20955493,-0.06429286,-0.3381377,0.675896,-0.07743413,0.077152446,0.041068826
0.12151477,-0.2262669,0.15557869,-0.21162413,0.13011171,-0.105061606,-0.07697458,-0.08931842,0.5628754,0.15722176,-0.17410895,0.035424296
0.04824259,-0.13750508,0.119612746,-0.23167871,-0.13593681,-0.08363807,-0.08007126,0.023487631,0.33320555,0.02060977,-0.31019345,0.07835349
0.13195899,-0.08191469,0.25562644,-0.06287916,-0.5132962,-0.107228756,-0.11250325,-0.07327474,0.44396687,0.042610038,-0.646354,0.27958736
0.054367192,-0.03586516,0.21840978,-0.119366325,-0.768801,-0.10562315,-0.0025416422,-0.12870137,0.4952186,0.06360169,-0.609881,0.539548
0.04425086,0.0427513,0.08237113,-0.012236226,-0.91586185,0.19431785,0.024837077,-0.016245235,0.45846805,0.008725185,-0.49879256,0.6800395
0.120753035,0.041441858,0.07176971,-0.059141435,-0.97005194,0.4460306,0.041939028,0.082856044,0.34097227,-0.021939132,-0.45885876,0.7382204
0.10158943,0.062390488,0.22800885,-0.23208095,-0.7532573,0.37126836,0.05591662,0.17930265,0.29946783,-0.057923283,-0.4911301,0.60357624
0.08090469,0.13403428,0.53480023,-0.15563345,-0.49665037,0.20464447,0.0733889,0.25028196,0.37382287,-0.115536064,-0.55485344,0.49053234
0.30821615,-0.03721049,0.12594537,-0.2715867,-0.31691098,0.077879354,-0.028776862,0.19370201,0.026279295,-0.021417055,-0.4612167,0.56354845
0.04774566,-0.06676711,0.11747749,-0.20592265,-0.40324834,0.11194269,0.22520816,0.056371506,-0.024399752,0.0218447,-0.26414853,0.4709512
0.12964153,-0.03910664,0.034252297,-0.05531876,-0.24487327,0.20623568,0.02151319,-0.25327456,0.0040120557,0.10486841,-0.26241627,0.4450916
0.041437,-0.30234474,-0.25717476,0.037203725,-0.18620785,0.28007457,-0.04830216,-0.53989863,0.11257165,0.09683769,-0.20902213,0.4963743
-0.17754656,-0.62935865,-0.22771017,-0.011530926,-0.012366963,0.2975538,0.08333708,-0.74054044,0.4563621,0.09028302,-0.04210109,0.4508795
-0.13022086,-0.9376173,0.1742611,-0.01791266,0.014298311,0.22459337,-0.011042282,-0.76948553,0.6112726,0.1280361,0.011801469,0.5028183
-0.15286635,-1.1325204,0.51921445,-0.10508747,0.09399316,0.07411333,0.043996852,-0.70777845,0.7343533,0.04371341,0.03955943,0.48522782
-0.036042288,-0.952641,0.58144736,-0.026104782,0.13846691,0.14382857,0.13788088,-0.56638676,0.67107534,0.028172899,0.17094159,0.50634485
0.09630993,-0.7678551,0.3684741,0.0007277726,0.14502059,0.44874603,0.21495232,-0.4641665,0.5076704,0.1369482,0.2616259,0.41506416
0.17783792,-0.57802826,0.113163285,-0.18303336,0.0014816063,0.47580025,0.14866406,-0.43366358,0.22594444,-0.13545725,0.34141904,0.32839042
0.117538005,-0.3967898,0.18758518,-0.09402618,0.13185929,0.25640595,-0.036399826,-0.35595006,0.63003284,-0.12348405,0.11795432,0.095246434
0.11057612,-0.2523905,0.14804862,-0.1802146,0.16707215,-0.085664675,-0.059242062,-0.12006147,0.59363806,0.13307768,-0.14473112,0.011122305
0.08086765,-0.13627408,0.11786813,-0.24926324,-0.12124834,-0.061244503,-0.07603834,-0.004576862,0.3196111,0.05333731,-0.2552451,0.07004954
0.09624648,-0.10714668,0.2512109,-0.07211015,-0.43643636,-0.10443391,-0.105424054,-0.068034716,0.4434113,0.013413381,-0.62192523,0.22742163
0.07415317,-0.04689495,0.21971995,-0.12483877,-0.70973337,-0.11478406,-0.02121457,-0.13394545,0.48153016,0.07857554,-0.59372795,0.5153636
0.028961333,0.017305376,0.10035055,-0.031140905,-0.878634,0.12796068,0.013148457,-0.04489046,0.4738575,0.025092896,-0.50416297,0.64125717
0.11785595,0.046513982,0.06152989,-0.01333091,-0.9843416,0.41609275,0.043685876,0.04967458,0.34547317,-0.041030344,-0.4597975,0.75885636
0.100786224,0.06374821,0.20423771,-0.2240303,-0.7990331,0.38324994,0.06703174,0.16166738,0.32091093,-0.030124072,-0.49741444,0.61664844
0.07142625,0.1494789,0.50780153,-0.15199955,-0.545811,0.21835792,0.06289903,0.25136393,0.36736175,-0.13677964,-0.56668884,0.522503
0.29007986,-0.029060794,0.18391238,-0.28201884,-0.3409921,0.09813747,-0.007796332,0.22363032,0.09627553,-0.04319523,-0.4861928,0.56876016
0.06991938,-0.028014494,0.121913664,-0.23056094,-0.407711,0.07783317,0.20992208,0.09884138,-0.047550812,0.01941004,-0.28318152,0.48669457
0.14399326,-0.046529334,0.096129276,-0.09392642,-0.26191086,0.19011195,0.039508354,-0.19150428,0.015110897,0.09212352,-0.2846879,0.41893506
0.060824335,-0.23553321,-0.2465327,0.04924388,-0.1885673,0.26783797,-0.025485825,-0.5069677,0.041565172,0.08401363,-0.20802133,0.51496786
-0.1634295,-0.57011193,-0.26610613,-0.02842476,-0.04620345,0.2977145,0.051968,-0.72203857,0.40272668,0.10170871,-0.05062764,0.44535166
-0.13943417,-0.86542654,0.10665441,-0.010287341,-0.0012870667,0.23071656,0.0006623673,-0.75666857,0.6109332,0.12307489,-0.002539103,0.49835154
-0.15293859,-1.1262524,0.474754,-0.09413426,0.085366115,0.09974129,0.03663588,-0.71762073,0.7178206,0.05472068,0.02509484,0.47973627
-0.0642754,-0.99905074,0.59274817,-0.04703065,0.12490974,0.111251004,0.11113315,-0.5889961,0.6702992,0.019280784,0.14598812,0.5167681
0.06853403,-0.82036555,0.42196625,0.0016357898,0.15639167,0.4159607,0.21716946,-0.50353646,0.5371417,0.13435462,0.25627643,0.43849087
0.19254011,-0.58584034,0.1698364,-0.14080966,0.02038871,0.45898935,0.15792938,-0.4178599,0.29027984,-0.07523152,0.34027073,0.3387913
0.090054564,-0.41719955,0.16519953,-0.13903712,0.10632844,0.31961843,0.04174194,-0.39831033,0.51826864,-0.15862742,0.15103215,0.18367265
0.09203458,-0.30971122,0.13259184,-0.14323485,0.19223404,-0.03171657,-0.07726874,-0.18994437,0.6125486,0.08815019,-0.09902932,-0.055918287
0.1336145,-0.113221005,0.14313047,-0.25019982,-0.097144485,-0.071205094,-0.059300352,-0.035162903,0.34136638,0.07897457,-0.20612343,0.059600372
0.04865034,-0.12292597,0.23409075,-0.10333474,-0.35937452,-0.114773974,-0.11614872,-0.041489147,0.43596828,0.005489547,-0.59890085,0.16363545
0.10269921,-0.050557178,0.21891843,-0.10607486,-0.6787318,-0.11411968,-0.039553493,-0.12791593,0.44477424,0.074834205,-0.5825373,0.50463873
0.016546743,-0.0058303,0.13292551,-0.04841706,-0.8522825,0.064564295,0.014574541,-0.07976986,0.46910065,0.049015272,-0.51709926,0.6016079
0.11323044,0.046898246,0.05409857,0.011969723,-0.97906715,0.3737196,0.039326098,0.010738153,0.36201584,-0.045359444,-0.44963408,0.7764441
0.09081129,0.06207177,0.18193981,-0.19592611,-0.8424907,0.3828281,0.08043862,0.14545104,0.33223307,-0.010770697,-0.49478653,0.6275949
0.07273494,0.13410127,0.4951581,-0.15982275,-0.59044003,0.2485892,0.05062075,0.23750195,0.38068798,-0.14837086,-0.58269525,0.5353769
0.2786414,-0.026224641,0.21074459,-0.29129857,-0.36940774,0.123534426,0.01688416,0.24121538,0.12805672,-0.063298754,-0.5093577,0.57130164
0.09208225,0.01573992,0.1268259,-0.24143402,-0.4117085,0.08217728,0.18809646,0.13811342,-0.08857101,0.03955582,-0.28392926,0.48857182
0.14256641,-0.027495747,0.16209514,-0.132419,-0.28322455,0.13435796,0.035089385,-0.11141834,0.0802562,0.06413236,-0.30306247,0.3755183
0.08303371,-0.20573606,-0.23713581,0.0459034,-0.18435569,0.2538822,0.006203816,-0.4763707,-0.029118357,0.08396618,-0.22220202,0.5396542
-0.14001077,-0.51574844,-0.27666685,-0.017192129,-0.07540005,0.30586374,0.027743082,-0.69827825,0.32989594,0.1182182,-0.051351495,0.42299858
-0.15199062,-0.7774451,0.005469654,-0.014856165,-0.018003972,0.24670333,0.018420868,-0.7454842,0.5644276,0.105652064,-0.02291638,0.5120604
-0.15000136,-1.1110235,0.4290897,-0.081571355,0.07480944,0.12100117,0.01633608,-0.7311798,0.73204637,0.07806996,0.0077087088,0.46706602
-0.095885366,-1.0407658,0.6092286,-0.066087276,0.11626518,0.0867424,0.094882816,-0.61444426,0.678907,0.023183085,0.12207487,0.51631206
0.041731708,-0.8775196,0.46110788,0.014618704,0.16124417,0.37002897,0.21791098,-0.5389488,0.55850565,0.11775614,0.24253137,0.45834798
0.20140393,-0.60319096,0.22483106,-0.107101314,0.09735626,0.43983358,0.162867,-0.41796735,0.39586943,-0.0043188967,0.32915062,0.3500464
0.09580755,-0.45437136,0.11435041,-0.18867289,0.032661915,0.40087396,0.09938279,-0.41919512,0.31365502,-0.1444132,0.21876505,0.25374752
0.076820746,-0.37193936,0.19040595,-0.092678085,0.19048847,0.02564204,-0.08835081,-0.27217647,0.7467334,0.018574733,-0.036770787,-0.071404174
0.18465342,-0.088231534,0.13552392,-0.25111398,-0.0413498,-0.08460024,-0.053652536,-0.05274382,0.33107382,0.11354075,-0.16280995,0.093189284
-0.0073179808,-0.15407746,0.22668156,-0.15375799,-0.26925662,-0.112254634,-0.13159835,-0.0039060395,0.4675436,0.025635142,-0.5628264,0.079643995
0.14400135,-0.031411614,0.21396808,-0.08419257,-0.6368392,-0.11762777,-0.04763541,-0.0937494,0.39993635,0.039145995,-0.59349304,0.4717272
0.023966702,-0.05522467,0.15842906,-0.08174882,-0.8362436,0.020395653,0.0028869626,-0.1107881,0.46395686,0.10148396,-0.5570917,0.5641095
0.08667165,0.064744145,0.048629127,0.022935066,-0.9724109,0.33710772,0.029346183,-0.0040488653,0.3858167,-0.07474969,-0.4264202,0.78320014
0.09411597,0.06683765,0.1526856,-0.13674007,-0.8667974,0.37215933,0.074888855,0.12969954,0.34428254,0.0011921041,-0.48669034,0.63724786
0.0780016,0.13361214,0.4586108,-0.17938137,-0.63390946,0.26509058,0.045281067,0.2054709,0.38037977,-0.122041844,-0.5817218,0.55664
0.25093305,-0.022370843,0.25115183,-0.28969193,-0.40075356,0.13978353,0.027218815,0.25435993,0.17751016,-0.09782626,-0.5274376,0.5750456
0.12624143,0.0068196533,0.15862733,-0.25732368,-0.42685726,0.070181705,0.16194941,0.17205359,-0.056786776,0.026154231,-0.30604607,0.50741327
0.14368863,-0.011245799,0.17131601,-0.15931065,-0.3120675,0.14086151,0.068839036,-0.06612798,0.042503804,0.06680889,-0.31189108,0.3805319
0.10245176,-0.15995678,-0.19588833,0.03401852,-0.19456783,0.2320098,0.010606986,-0.4184136,-0.03558414,0.07961627,-0.23779042,0.5281389
-0.10974376,-0.45741403,-0.28208894,-0.0028404128,-0.087791815,0.29308012,0.020365136,-0.6590295,0.26940507,0.11263949,-0.087679505,0.41866946
-0.14731634,-0.7158377,-0.07333431,-0.01180679,-0.04314863,0.24783307,0.025720296,-0.74049157,0.5099307,0.1008288,-0.037650738,0.5133605
-0.16030152,-1.072694,0.36303625,-0.07729123,0.06282824,0.15144832,0.009750731,-0.75341743,0.7195756,0.101215884,0.0019161245,0.46656728
-0.117806226,-1.0680873,0.5998929,-0.065595366,0.114558876,0.09662316,0.07427027,-0.64196575,0.69898534,0.02047564,0.1040709,0.50873756
0.01711377,-0.91395533,0.49677718,0.004848622,0.15285952,0.31270722,0.20556717,-0.54907507,0.5917949,0.11659287,0.21736753,0.46599087
0.18187508,-0.62875545,0.25459978,-0.06478574,0.13595125,0.43524763,0.18635534,-0.42511114,0.44337845,0.027018502,0.3071767,0.36658502
0.09045192,-0.48100004,0.08475412,-0.19901776,0.00653719,0.4220282,0.11214099,-0.4257387,0.24980341,-0.14042611,0.2667137,0.2654977
0.10146735,-0.38979453,0.20668675,-0.06929938,0.18384059,0.0744828,-0.08677756,-0.30351743,0.78317934,-0.024530891,0.01991237,-0.02969947
0.17382862,-0.11512908,0.12817736,-0.24795002,0.0059737214,-0.078394316,-0.044496242,-0.066663,0.35241675,0.12196672,-0.15677838,0.08147353
-0.008106297,-0.17422284,0.20793857,-0.16862151,-0.21531282,-0.080907695,-0.12947407,-0.007208146,0.4534542,0.043859977,-0.499238,0.051763657
0.1443715,-0.03370476,0.21978535,-0.078790024,-0.58100617,-0.11271164,-0.05552652,-0.083039075,0.3776512,0.022821028,-0.574505,0.42025048
0.031659007,-0.04028983,0.19596748,-0.09907763,-0.79863065,-0.042742804,-0.022600561,-0.11378412,0.49249423,0.095031366,-0.578378,0.5309335
0.079438046,0.058241364,0.046701316,0.01596466,-0.96587455,0.2858606,0.01828723,-0.008296389,0.39653763,-0.054013465,-0.42493165,0.763808
0.08735875,0.06479439,0.12054519,-0.081687935,-0.89896226,0.37316123,0.077695236,0.10212408,0.33729324,-0.0046740733,-0.473592,0.65958786
0.086052075,0.12741691,0.42293867,-0.18437713,-0.66891867,0.288995,0.058764867,0.17612971,0.37709817,-0.10703902,-0.57043016,0.57409656
0.23039168,-0.0046654614,0.26375934,-0.28459203,-0.43201825,0.16239853,0.017221022,0.25236323,0.19558507,-0.10703855,-0.5407672,0.587633
0.13832155,-0.003410113,0.18836372,-0.26560932,-0.43047062,0.056168735,0.14946495,0.21523984,-0.006945381,-0.0052260943,-0.33137006,0.50570154
0.15112466,0.014171402,0.17929909,-0.17611583,-0.32524654,0.12807868,0.09321568,-0.009922449,0.01611851,0.07035515,-0.31523862,0.39244878
0.12140256,-0.14520745,-0.13501646,0.011366677,-0.21462648,0.22818926,0.010628924,-0.35241285,-0.037997186,0.08367444,-0.25874949,0.5104182
-0.08093427,-0.392102,-0.30235335,-0.0033474863,-0.09961408,0.278983,0.024628479,-0.6219462,0.19650449,0.0948267,-0.096472904,0.43227512
-0.14781861,-0.6427374,-0.11951482,-0.0006708355,-0.06833879,0.25517187,0.02410125,-0.72212464,0.47428003,0.110290356,-0.049452797,0.49623623
-0.1602601,-1.0265927,0.27207863,-0.07125919,0.048235815,0.17437339,0.00793031,-0.75809544,0.7055424,0.11347255,-0.011473388,0.47634295
-0.13408138,-1.0894469,0.5643409,-0.058162864,0.11102241,0.10990622,0.06344012,-0.67321306,0.7043467,0.021687575,0.08891645,0.50721204
-0.0036290344,-0.9500171,0.5367082,-0.023688681,0.1457968,0.24513453,0.17468682,-0.55945045,0.6248906,0.115820125,0.19474894,0.47312465
0.14492999,-0.6831238,0.29499307,-0.028495137,0.1358883,0.43687102,0.20747133,-0.4560183,0.4608246,0.034409676,0.2974804,0.39098823
0.106513694,-0.51375306,0.09843631,-0.18725623,-0.005110932,0.44122398,0.13310055,-0.44210443,0.24200594,-0.13588588,0.3007077,0.2892342
0.12651218,-0.3998602,0.18429942,-0.06654163,0.17581862,0.13345656,-0.08378965,-0.3221818,0.7628922,-0.03220362,0.06756456,0.00060256175
0.15202214,-0.1446095,0.104771115,-0.2354451,0.055345993,-0.062304348,-0.03386287,-0.07907647,0.3869415,0.092928715,-0.13814905,0.06758821
0.010053502,-0.18914,0.19219562,-0.18466058,-0.16204517,-0.04877423,-0.12180636,-0.021240352,0.44563854,0.070174634,-0.44288248,0.025166947
0.13563964,-0.06098335,0.237296,-0.08138368,-0.52269995,-0.11221858,-0.07270689,-0.07017199,0.3776698,0.021574017,-0.5577564,0.36403775
0.038875893,-0.045474935,0.19830757,-0.11439381,-0.7296176,-0.07631155,-0.030382887,-0.12980764,0.49541134,0.08376729,-0.57603616,0.5012601
0.07058403,0.06266483,0.05983196,-0.003380593,-0.9648694,0.22236133,0.007256814,-0.0022689886,0.42322138,-0.023261946,-0.45854726,0.7214775
0.095965184,0.056066718,0.093903616,-0.043179683,-0.93298984,0.38401738,0.0676297,0.074730344,0.34881234,-0.015274648,-0.4781476,0.689044
0.10619357,0.10624651,0.28931203,-0.21163097,-0.7401806,0.3446601,0.060771286,0.15983838,0.30254748,-0.04878429,-0.50913113,0.59944856
0.1483677,0.05376691,0.41726488,-0.21174474,-0.49042937,0.18997334,0.04706357,0.24165002,0.30704138,-0.14418346,-0.54497415,0.5456962
0.2645175,-0.021099223,0.12494704,-0.2766537,-0.3577946,0.066598155,0.039031204,0.21383362,0.0057250764,-0.020372663,-0.39051408,0.53795373
0.06908585,-0.021719037,0.18815495,-0.1999445,-0.3659817,0.11394474,0.17894563,0.055829834,0.018100636,0.06889883,-0.29365283,0.41064686
0.14482193,-0.08151606,-0.049020197,-0.034637455,-0.2337424,0.20057666,-0.0026486884,-0.27823818,-0.023697017,0.067296185,-0.2750403,0.4720996
0.0015414972,-0.3267701,-0.27864185,0.023208361,-0.1639297,0.2895744,0.0012925477,-0.5541906,0.12951726,0.11477607,-0.14854224,0.4649825
-0.1618944,-0.60371333,-0.22160825,-0.0051343255,-0.027477799,0.28529403,0.04018629,-0.7262178,0.44300273,0.10555632,-0.032778334,0.46389592
-0.14786476,-0.96205854,0.18594313,-0.03033572,0.019104565,0.20774889,-0.0023825155,-0.7672948,0.65795934,0.11256081,-0.011401304,0.49557418
-0.14906286,-1.1137978,0.5235309,-0.09135812,0.10252871,0.092641905,0.055375516,-0.6974859,0.718264,0.04897492,0.054102957,0.48951307
-0.03132759,-0.96829385,0.5669988,-0.025796065,0.14031266,0.18020442,0.14236593,-0.56977904,0.65395796,0.06595151,0.17710365,0.49995604
0.107208975,-0.7543144,0.35040724,-0.004748461,0.13704045,0.44185728,0.21655858,-0.4755434,0.495669,0.085863754,0.27134174,0.4070928
0.13651009,-0.5634557,0.10574551,-0.17371194,-0.012526701,0.46954274,0.15609396,-0.45629546,0.22383295,-0.13206598,0.33094275,0.33118016
0.13859873,-0.40933612,0.18972172,-0.06944885,0.15461926,0.21807887,-0.05881491,-0.3400905,0.7187528,-0.07914555,0.12545313,0.03955936
0.13915835,-0.1909903,0.10636585,-0.20163074,0.12684059,-0.05956553,-0.057331424,-0.10844661,0.49548694,0.11494713,-0.1423641,0.054136533
0.046414778,-0.18073295,0.111856416,-0.24014758,-0.1047019,-0.039812192,-0.086888514,-0.0056910478,0.37504715,0.049351197,-0.31540656,0.042641062
0.11073367,-0.10022569,0.28021777,-0.054777443,-0.45613346,-0.106152,-0.10163747,-0.06166945,0.44995466,0.034933876,-0.60775614,0.25713098
0.062263235,-0.05253761,0.20843568,-0.14195375,-0.6817247,-0.10801406,-0.035896722,-0.12519352,0.48173186,0.087141275,-0.58786863,0.49634856
0.060905233,0.02284983,0.06350653,-0.023897503,-0.91413444,0.16445874,0.003289525,-0.033885237,0.44974396,-0.00048201904,-0.48572502,0.67011654
0.09971752,0.04836132,0.06574978,-0.0062956885,-0.9800919,0.41129705,0.04485501,0.049547225,0.34726864,-0.024074692,-0.46119344,0.7411927
0.10467517,0.09340313,0.20057482,-0.1991012,-0.77848554,0.36159226,0.05585057,0.15454565,0.311809,-0.02935313,-0.47965902,0.6171568
0.092251524,0.13721664,0.49525127,-0.15545948,-0.53712356,0.21196805,0.061768804,0.24275213,0.3726478,-0.1329639,-0.55216366,0.5160837
0.28649133,-0.03872135,0.13996035,-0.27326384,-0.3451525,0.089125484,-0.023530897,0.2242947,0.064750016,-0.03670888,-0.47340375,0.5708346
0.07557252,-0.054882165,0.15726589,-0.23354723,-0.41658023,0.09296903,0.2073065,0.09837585,-0.012121553,0.026237972,-0.2878639,0.47196427
0.15044244,-0.05032142,0.07011075,-0.079748765,-0.2573249,0.19792415,0.024574883,-0.20220117,0.0043463465,0.097564265,-0.28030452,0.42578912
0.059304908,-0.25563717,-0.26323244,0.03698812,-0.1851319,0.2836182,-0.037595745,-0.4945463,0.063199185,0.09589026,-0.19131693,0.498963
-0.16468833,-0.5558337,-0.28563675,0.0043893307,-0.042985484,0.28948873,0.0586581,-0.71030307,0.38120034,0.09335813,-0.05060668,0.4580388
-0.13105337,-0.8928068,0.11251692,-0.03597417,0.0072691874,0.22777693,-0.017277313,-0.7603416,0.65206456,0.13976747,-0.011767791,0.47431803
-0.16585474,-1.1047342,0.4745072,-0.06840681,0.08338313,0.12092805,0.048788123,-0.7003682,0.6971551,0.04499002,0.024836387,0.49238598
-0.06780002,-0.9986058,0.5707408,-0.04251154,0.13514633,0.13108349,0.12213249,-0.5833957,0.6825767,0.04095366,0.14746094,0.51015127
0.08990526,-0.81729877,0.4107972,-0.0043125404,0.15319093,0.41991457,0.20125125,-0.49964535,0.5322438,0.12397924,0.2609953,0.42442164
0.14590372,-0.6085764,0.14699052,-0.1330148,-0.014259041,0.4716947,0.18140678,-0.45302835,0.2404026,-0.13166061,0.34502035,0.3575664
0.14050747,-0.40748817,0.17393574,-0.08856922,0.12791818,0.27813312,-0.038407482,-0.3672849,0.6545133,-0.10621063,0.16581075,0.09398249
0.11839405,-0.23442279,0.09894421,-0.17041887,0.1614588,-0.028996585,-0.05055484,-0.13116981,0.5440547,0.10538248,-0.11648312,0.037642557
0.081170864,-0.1748713,0.087190606,-0.25648582,-0.07885393,-0.021262122,-0.07188148,-0.02601413,0.35001308,0.04260345,-0.24118094,0.029992048
0.08580586,-0.12940128,0.2923695,-0.05671855,-0.38034436,-0.099100456,-0.11596246,-0.05161648,0.48101053,0.043669026,-0.5959439,0.1895958
0.07600374,-0.055233333,0.19504714,-0.15128545,-0.63887835,-0.1133321,-0.042539056,-0.115599476,0.44413465,0.08651541,-0.56639296,0.48736542
0.051636234,0.000614698,0.085163474,-0.03848318,-0.8605216,0.096301645,-0.0060474197,-0.06608943,0.46621913,0.009632345,-0.51072043,0.62182456
0.114557095,0.04035812,0.05513486,0.016300049,-0.9958927,0.38734224,0.036842857,0.02085698,0.3566418,-0.02406453,-0.4551921,0.76095843
0.08391722,0.08530221,0.1794504,-0.17944072,-0.81934637,0.3668196,0.070071064,0.14139415,0.3311527,-0.0171091,-0.48854458,0.6200412
0.09940638,0.14400457,0.46005356,-0.15085123,-0.57977694,0.23821029,0.044348035,0.23411497,0.3672938,-0.13977557,-0.56307983,0.5491862
0.2659384,-0.03045003,0.19965996,-0.29121584,-0.37874117,0.11932155,0.0056572338,0.2473401,0.13030325,-0.05578776,-0.49610338,0.5723325
0.09990871,0.004270035,0.12844367,-0.2439623,-0.41320673,0.07272443,0.18760161,0.13244128,-0.06843475,0.031690072,-0.28754276,0.49161458
0.15330622,-0.046283018,0.14127398,-0.11874304,-0.28156987,0.15267049,0.037841853,-0.12175281,0.05689141,0.080072016,-0.30662096,0.38173795
0.067588836,-0.20490773,-0.24332969,0.04482692,-0.17891306,0.2574964,0.006125458,-0.4724604,-0.015555287,0.08539773,-0.21133377,0.5214366
-0.13824013,-0.5065968,-0.3010362,0.00042666483,-0.068592966,0.29550672,0.023419611,-0.6916459,0.31297445,0.1137698,-0.05430893,0.4332915
-0.15021417,-0.8099974,0.015009237,-0.029858207,-0.010078848,0.23472382,0.0068876683,-0.7500468,0.6033623,0.11265897,-0.021933932,0.4927493
-0.16656622,-1.0955689,0.4315588,-0.06156108,0.077524886,0.14047486,0.027370991,-0.72248495,0.7155164,0.06904009,0.009196053,0.4727209
-0.10040705,-1.0368594,0.58514243,-0.05819434,0.11908467,0.10888416,0.10362397,-0.6011905,0.69016856,0.046900164,0.12975492,0.52143544
0.05448416,-0.8771151,0.44989002,0.004461786,0.1676256,0.3832145,0.21262322,-0.53754723,0.5545949,0.10913243,0.24540025,0.44789293
0.17684172,-0.64022905,0.20449679,-0.11099797,0.021127442,0.4585484,0.1705176,-0.44959152,0.30505568,-0.06965104,0.34140116,0.35440075
0.10071707,-0.42154357,0.17526643,-0.11811755,0.102989875,0.34511903,0.040558394,-0.40550464,0.5353655,-0.14163025,0.18694118,0.18168704
0.09788994,-0.29807773,0.099177785,-0.1344674,0.18821703,0.009322756,-0.069154136,-0.1919637,0.5901183,0.059654538,-0.07049175,-0.025186967
0.12697907,-0.13829164,0.09753125,-0.2463059,-0.06445145,-0.024123786,-0.051877152,-0.054380607,0.34708598,0.068740934,-0.18468224,0.029672492
0.050015323,-0.15333892,0.2667742,-0.09253932,-0.30515724,-0.098089054,-0.12619373,-0.032212023,0.48387572,0.033621218,-0.5758224,0.12663032
0.100992605,-0.05542623,0.19639593,-0.13049228,-0.61672175,-0.09715304,-0.050112713,-0.1026605,0.40583268,0.078414924,-0.5487071,0.4781397
0.026326055,-0.023905685,0.121306725,-0.05671874,-0.8099723,0.024369577,-0.007221713,-0.10300834,0.4753573,0.037387367,-0.5219806,0.56794083
0.12013677,0.03901995,0.039826162,0.02014533,-0.98822486,0.34467304,0.020530961,-0.0029174052,0.37604013,-0.04180455,-0.4300952,0.76625144
0.06305866,0.08380946,0.15399332,-0.1357207,-0.852413,0.3519748,0.086470515,0.12771,0.33381605,0.001031179,-0.48410356,0.6288953
0.10267636,0.15317665,0.4425145,-0.16066714,-0.62221897,0.26280463,0.042687148,0.21586229,0.37459037,-0.13662864,-0.5694848,0.56426466
0.25339407,-0.018160788,0.21109827,-0.2868271,-0.40068367,0.13491425,0.012974381,0.25712335,0.154628,-0.07530293,-0.5153192,0.58383465
0.11063768,0.010255608,0.15909986,-0.25909466,-0.4339418,0.060603842,0.17690673,0.17520641,-0.056284163,0.020483848,-0.30055076,0.49734753
0.15973972,-0.028728439,0.17276537,-0.14548273,-0.30005398,0.1339632,0.051145155,-0.068331055,0.05830353,0.071521826,-0.31789076,0.37495977
0.08952752,-0.18062566,-0.22231095,0.034286473,-0.18863828,0.24175946,0.017392803,-0.42629838,-0.049181588,0.08397839,-0.22347894,0.52905667
-0.11587134,-0.44667897,-0.31293723,0.00056066725,-0.079839915,0.28385285,0.0080428105,-0.6613561,0.26375422,0.1116506,-0.06136711,0.41946274
-0.15203916,-0.73070616,-0.049242247,-0.01785224,-0.036672413,0.2329592,0.019781938,-0.7387392,0.5578654,0.104234695,-0.03456408,0.4955532
-0.17194192,-1.0636487,0.36660835,-0.062799856,0.060159437,0.16110903,0.01304988,-0.7377929,0.7119623,0.0930516,-0.007554521,0.46405292
-0.115943566,-1.062627,0.57521635,-0.05708797,0.10788752,0.110481754,0.08146279,-0.63402313,0.6878336,0.034268618,0.11255649,0.5245638
0.023462823,-0.9159311,0.48830292,-0.009322524,0.16364095,0.32512578,0.20622732,-0.55604535,0.58184123,0.112633206,0.2190187,0.45748663
0.16527922,-0.65966016,0.26962173,-0.06713623,0.10581701,0.4312989,0.16127531,-0.45993748,0.40800613,0.00085501,0.32041425,0.36161864
0.118054435,-0.4778896,0.13545682,-0.17324048,0.05742627,0.409965,0.10519815,-0.42584014,0.35939872,-0.13934568,0.24152054,0.23873629
0.08959898,-0.35116914,0.13574079,-0.07402706,0.17467296,0.077056035,-0.10547251,-0.2756175,0.7024607,0.0084321685,-0.01491198,-0.025213208
0.14076649,-0.13369212,0.10060554,-0.2446909,-0.011375089,-0.033170722,-0.027071096,-0.07757849,0.35960782,0.07853777,-0.14703433,0.051885325
0.03541489,-0.17998154,0.24771178,-0.1354076,-0.23836099,-0.069676094,-0.14513825,-0.023593655,0.47899204,0.0668928,-0.5284635,0.058598254
0.11689719,-0.044825535,0.21087289,-0.10497638,-0.575286,-0.103577875,-0.056903392,-0.07422968,0.37833804,0.031291787,-0.5380984,0.44520998
0.043854818,-0.012411577,0.16765533,-0.08589727,-0.7849678,-0.0332138,-0.028039444,-0.10661391,0.48856026,0.06515402,-0.55819976,0.52565014
0.10265979,0.044717114,0.028335484,0.016502272,-0.9873137,0.30701444,0.0015428481,-0.009189647,0.3862536,-0.036995392,-0.41384313,0.7636757
0.051889658,0.08657928,0.118298754,-0.065417565,-0.8772733,0.3414814,0.09906198,0.0987573,0.32551134,-0.010022115,-0.4579375,0.6457276
0.11414534,0.15668873,0.43911326,-0.16398244,-0.6529888,0.28954074,0.042555295,0.17703475,0.39156258,-0.10980379,-0.5609157,0.5632652
0.24779962,-0.021336792,0.19701284,-0.282644,-0.4292634,0.14413552,0.0011084159,0.25693917,0.16104345,-0.097452655,-0.53458035,0.6077738
0.10431807,0.0078069894,0.21366242,-0.26326925,-0.46359554,0.04153961,0.17719713,0.2240185,-0.008343449,-0.009552609,-0.30967698,0.4926043
0.18915522,-0.0017385604,0.17185591,-0.17546025,-0.32045633,0.12639593,0.050428998,-0.017187286,0.031115701,0.08165106,-0.31883356,0.3858558
0.10185687,-0.16123196,-0.16268533,0.029350404,-0.2070873,0.25072876,0.031644408,-0.35633162,-0.04814216,0.081185326,-0.24301574,0.5176755
-0.079297245,-0.3838903,-0.34280774,-0.013458628,-0.08249149,0.2695243,0.0039259573,-0.6164866,0.19534542,0.09377689,-0.0729655,0.42256892
-0.15063614,-0.66096306,-0.10017361,-0.00053719257,-0.06519969,0.23336071,0.008873867,-0.72505283,0.5100632,0.11547763,-0.04435869,0.48498136
-0.18048261,-1.0154434,0.29180238,-0.0641223,0.050038397,0.16679145,0.017280703,-0.74082005,0.71506065,0.10268262,-0.01660183,0.45601553
-0.12571445,-1.0721294,0.5396403,-0.044044133,0.09788957,0.1406066,0.065379076,-0.65916634,0.683297,0.040024903,0.09799887,0.5255866
-0.0021492224,-0.9598559,0.5126185,-0.025966527,0.15505086,0.2762479,0.18547934,-0.5625027,0.61318886,0.11419691,0.19640484,0.46736002
0.14400202,-0.6886823,0.30269197,-0.026693035,0.16552137,0.43516707,0.18330513,-0.46981177,0.47991937,0.03271501,0.30703542,0.371558
0.11486697,-0.51005495,0.11441239,-0.17442895,0.023792518,0.43002662,0.104331814,-0.44230705,0.27177504,-0.13407387,0.2968922,0.26307732
0.10300382,-0.36652672,0.16389683,-0.05976445,0.17246355,0.12021314,-0.10673966,-0.3182067,0.76165617,-0.04318158,0.034353327,0.009156931
0.14197274,-0.16223972,0.07395663,-0.23142499,0.02267179,-0.0131831085,-0.0125178285,-0.08678333,0.36548474,0.087812416,-0.13477652,0.060939748
0.026459442,-0.21590953,0.22721745,-0.15323341,-0.17972149,-0.029819472,-0.15532759,-0.046426713,0.47160265,0.08095269,-0.47229257,0.02437194
0.121933505,-0.04789112,0.22119847,-0.0934437,-0.49999824,-0.10292587,-0.048537042,-0.07656399,0.37374926,0.0067966543,-0.51857173,0.38994706
0.04383511,-0.03214429,0.17953774,-0.114725426,-0.7225127,-0.073050186,-0.057259995,-0.11062815,0.49984547,0.095252484,-0.5658657,0.48230046
0.08643861,0.051372886,0.04238999,0.0048106797,-0.9910428,0.2401543,-0.008712979,-0.004756462,0.4019512,-0.040533084,-0.44366214,0.7298261
0.08044489,0.07942528,0.08927905,-0.027310155,-0.91237724,0.35689273,0.089803495,0.074281104,0.34293407,-0.0023573749,-0.4646696,0.669122
0.1040223,0.12905578,0.33464625,-0.1913197,-0.710397,0.32020888,0.05661997,0.15062119,0.3384796,-0.06501751,-0.53152907,0.6018691
0.1832981,0.017190637,0.31367943,-0.24038187,-0.47110876,0.18489905,0.021833066,0.2323428,0.24371116,-0.12989429,-0.5380903,0.59130734
0.19470482,-0.02663326,0.16149648,-0.26601237,-0.39380538,0.045072958,0.09882306,0.22848214,0.02566717,-0.029210594,-0.35113814,0.5230845
0.12481251,-0.004582268,0.18067898,-0.19566996,-0.34946367,0.10406604,0.1287035,0.048513196,0.01248491,0.08144705,-0.30447996,0.39861012
0.12888466,-0.11168307,-0.075000234,-0.012585852,-0.22477579,0.21374328,0.006493893,-0.28210887,-0.024922011,0.0760081,-0.27552536,0.4695458
-0.019550843,-0.31641683,-0.328872,0.010445908,-0.13368395,0.27187225,0.0132682845,-0.56417453,0.11199809,0.09533435,-0.104877666,0.45566848
-0.1565697,-0.6144094,-0.19730298,-0.007078618,-0.03625633,0.2568843,-1.0786112e-05,-0.72912973,0.46726826,0.12417481,-0.027383432,0.45219582
-0.18102995,-0.9685614,0.21486825,-0.027865408,0.021402081,0.19451489,0.020421032,-0.76333076,0.6772969,0.095222935,-0.017259844,0.48401105
-0.13724425,-1.0950537,0.501692,-0.072494514,0.1013881,0.111620076,0.05130819,-0.70091486,0.7018417,0.055621777,0.06999267,0.50044215
-0.029829713,-0.975137,0.55016696,-0.03190686,0.12968467,0.20116287,0.14487673,-0.57459176,0.63983715,0.08013217,0.17821726,0.49968076
0.10191721,-0.7546303,0.34403107,-0.0012721681,0.15799813,0.4499186,0.20862746,-0.49318886,0.49509048,0.063390896,0.27617496,0.39441955
0.13972773,-0.56306016,0.10549553,-0.16155715,-0.009762009,0.47053808,0.14069481,-0.46221077,0.22574714,-0.121193506,0.34016463,0.3196535
0.12643434,-0.39895296,0.18100186,-0.06025948,0.16295515,0.18981901,-0.08225643,-0.33574033,0.7525327,-0.07034834,0.09627462,0.02853841
0.14029418,-0.18456534,0.07975102,-0.21154824,0.106303506,-0.03292793,-0.0443712,-0.09100508,0.44458473,0.095233075,-0.13582984,0.06326419
0.038948745,-0.21845089,0.13922285,-0.20677315,-0.11458239,-0.011879402,-0.11805683,-0.028897805,0.41441172,0.07391313,-0.36357567,0.021423016
0.12318342,-0.101437815,0.26478493,-0.06529928,-0.4609421,-0.086823896,-0.08242,-0.06293782,0.42471293,0.02409244,-0.56731683,0.29295656
0.06123276,-0.046847995,0.18457922,-0.120118536,-0.6709027,-0.08787677,-0.046981346,-0.128934,0.46889699,0.095388114,-0.5638294,0.48794234
0.07666023,0.025848882,0.051593516,-0.033125896,-0.9399354,0.16982697,-0.025817059,-0.035212915,0.44661433,-0.01239964,-0.46775025,0.67439926
0.08098243,0.05900573,0.064864,0.014052011,-0.9503065,0.37186605,0.070417956,0.05409864,0.3433404,-0.022556562,-0.4453135,0.720845
0.10113485,0.11933446,0.19193074,-0.17647174,-0.7636478,0.3234916,0.050540034,0.15188567,0.2817804,-0.019411284,-0.4521363,0.62584245
0.11878145,0.1382322,0.4743796,-0.17659925,-0.544615,0.20730105,0.060387556,0.2352034,0.37987968,-0.11852116,-0.53976953,0.50267375